ticker,fiscalDateEnding,totalRevenue,grossProfit,operatingIncome,researchAndDevelopment,operatingExpenses,netIncome,ebit,ebitda,depreciationAndAmortization,reportedEPS,estimatedEPS,surprise,surprisePercentage,totalAssets,totalLiabilities,cashAndCashEquivalentsAtCarryingValue,shortTermDebt,longTermDebt,totalShareholderEquity,retainedEarnings,commonStockSharesOutstanding,currentNetReceivables,inventory,currentAccountsPayable,operatingCashflow,capitalExpenditures,dividendPayout,proceedsFromRepurchaseOfEquity,cashflowNetIncome,revenueGrowthPct,netIncomeMarginPct,epsSurprisePct,freeCashFlow,debtToEquityRatio,totalDebt,cashRatio,rdIntensityPct,buybackRatio,marketCap,peRatio,psRatio
AMD,2025-06-30,7685000000,3059000000,-134000000,1894000000,3193000000,872000000,-28000000,729000000,757000000,0.48,0.48,0.0,0.0,74820000000,15155000000,4442000000,,3218000000,59665000000,3945000000,1630000000,5115000000,6677000000,3080000000,2011000000,282000000,,-524000000,768000000,3.3207851573003433,11.346779440468444,0.0,2293000000,0.2540015084220229,3218000000.0,,24.64541314248536,0.6009174311926605,179697487130.7485,206.07509992058314,23.382887069713533
AMD,2025-03-31,7438000000,3420000000,806000000,1728000000,2614000000,709000000,845000000,1587000000,742000000,0.96,0.93,0.03,3.2258,71550000000,13669000000,5968000000,947000000.0,3217000000,57881000000,3073000000,1626000000,6286000000,6416000000,2206000000,939000000,212000000,,-779000000,709000000,-2.8728127448419905,9.53213229362732,3.225806451612894,1151000000,0.2361569426927662,4164000000.0,6.302006335797254,23.23205162678139,1.0987306064880114,166730957141.09186,235.16355026952309,22.416100718081722
AMD,2024-12-31,7658000000,3550000000,1092000000,1712000000,2458000000,482000000,908000000,1694000000,786000000,1.09,1.09,0.0,0.0,69226000000,11658000000,3680000000,109000000.0,1721000000,57568000000,2364000000,1634000000,6933000000,5734000000,2466000000,1299000000,208000000,,-298000000,482000000,12.303856870508875,6.294071559153826,0.0,1507000000,0.2025083379655364,1830000000.0,33.76146788990825,22.35570645077043,0.6182572614107884,222621685370.95786,461.87071653725695,29.07047340963148
AMD,2024-09-30,6819000000,3067000000,710000000,1636000000,2357000000,771000000,760000000,1546000000,786000000,0.92,0.92,0.0,0.0,69636000000,12651000000,3765000000,0.0,1720000000,56985000000,1882000000,1636000000,7270000000,5374000000,2991000000,628000000,132000000,,-710000000,771000000,16.863753213367616,11.306643202815662,0.0,760000000,0.2220057909976309,1720000000.0,inf,23.991787652148407,0.920881971465629,241089654475.81927,312.6973469206476,35.355573320988306
AMD,2024-06-30,5835000000,2492000000,259000000,1583000000,2233000000,265000000,324000000,1145000000,821000000,0.69,0.68,0.01,1.4706,67886000000,11348000000,3962000000,,1719000000,56538000000,1111000000,1637000000,5773000000,4991000000,2119000000,593000000,154000000,,-449000000,265000000,6.6142883245021045,4.541559554413025,1.4705882352941024,747000000,0.2007145636563019,1719000000.0,,27.129391602399316,1.6943396226415095,263241485688.247,993.3640969367812,45.114222054541045
AMD,2024-03-31,5473000000,2168000000,62000000,1525000000,2106000000,123000000,89000000,873000000,784000000,0.62,0.61,0.01,1.6393,67895000000,11697000000,4024000000,750000000.0,1718000000,56198000000,846000000,1639000000,5069000000,4652000000,1856000000,521000000,142000000,,-133000000,123000000,-11.267833981841768,2.2473963091540288,1.6393442622950831,663000000,0.208139079682551,2468000000.0,5.365333333333333,27.86405993056825,1.08130081300813,292907066342.1566,2381.3582629443627,53.5185577091461
AMD,2023-12-31,6168000000,2492000000,397000000,1511000000,2095000000,667000000,391000000,1215000000,824000000,0.77,0.77,0.0,0.0,67885000000,11993000000,3728000000,751000000.0,1717000000,55892000000,723000000,1628000000,5385000000,4351000000,2418000000,381000000,139000000,,-278000000,667000000,6.3448275862068915,10.813878080415046,0.0,520000000,0.2145745366063121,2468000000.0,4.96404793608522,24.49740596627756,0.416791604197901,196623747302.2711,294.78822683998663,31.878039445893496
AMD,2023-09-30,5800000000,2747000000,224000000,1507000000,2523000000,299000000,224000000,1072000000,848000000,0.7,0.68,0.02,2.9412,67626000000,12656000000,3349000000,752000000.0,1715000000,54970000000,56000000,1629000000,5055000000,4445000000,2570000000,421000000,124000000,,-511000000,299000000,8.22914722896062,5.155172413793103,2.9411764705882213,545000000,0.2302346734582499,2467000000.0,4.45345744680851,25.982758620689655,1.709030100334448,171567036782.09036,573.8027986023089,29.580523583119028
AMD,2023-06-30,5359000000,2443000000,-20000000,1443000000,2463000000,27000000,-20000000,853000000,873000000,0.58,0.57,0.01,1.7544,67967000000,12831000000,3712000000,753000000.0,1714000000,55136000000,-243000000,1627000000,4314000000,4567000000,3092000000,379000000,125000000,,-66000000,27000000,0.1120866803661524,0.5038253405486098,1.7543859649122824,504000000,0.2327154672083575,2467000000.0,4.9296148738379815,26.92666542265348,2.4444444444444446,184858130557.0211,6846.597428037818,34.4948928078039
AMD,2023-03-31,5353000000,2359000000,-102000000,1411000000,2504000000,-139000000,-102000000,416000000,518000000,0.6,0.56,0.04,7.1429,67634000000,12940000000,3760000000,0.0,2467000000,54694000000,-270000000,1611000000,4042000000,4235000000,2871000000,486000000,158000000,,-241000000,-139000000,-4.393641721736019,-2.5966747618158044,7.142857142857128,644000000,0.2365890225618898,2467000000.0,inf,26.359050999439564,-1.733812949640288,127523060053.13554,-917.4320867132053,23.82272745248189
AMD,2022-12-31,5599000000,2403000000,-117000000,1366000000,2552000000,21000000,-117000000,484000000,601000000,0.69,0.67,0.02,2.9851,67580000000,12830000000,4676000000,93000000.0,2467000000,54750000000,-131000000,1618000000,4128000000,3771000000,2956000000,567000000,124000000,,-285000000,21000000,0.610961365678353,0.3750669762457582,2.9850746268656576,691000000,0.234337899543379,2560000000.0,50.27956989247312,24.39721378817646,13.571428571428571,105111580288.7515,5005.313347083405,18.773277422531077
AMD,2022-09-30,5565000000,2354000000,-42000000,1279000000,2418000000,66000000,-42000000,548000000,590000000,0.67,0.7,-0.03,-4.2857,67811000000,13269000000,3398000000,312000000.0,2466000000,54542000000,-152000000,1625000000,4340000000,3369000000,2734000000,965000000,123000000,311000000.0,-922000000,66000000,-15.038167938931302,1.1859838274932617,-4.285714285714274,1088000000,0.243280407759158,2778000000.0,10.89102564102564,22.98292902066487,13.969696969696969,137730748342.7033,2086.8295203439893,24.749460618634917
AMD,2022-06-30,6550000000,3028000000,526000000,1300000000,2502000000,447000000,526000000,1138000000,612000000,1.05,1.04,0.01,0.9615,67502000000,12333000000,4814000000,312000000.0,2465000000,55169000000,-218000000,1632000000,4053000000,2648000000,1879000000,1038000000,132000000,,-952000000,447000000,11.262102938678442,6.824427480916031,0.9615384615384625,1170000000,0.2235494571226594,2777000000.0,15.42948717948718,19.84732824427481,2.1297539149888145,138785586835.5015,310.4822971711443,21.188639211526947
AMD,2022-03-31,5887000000,2818000000,951000000,1060000000,1867000000,786000000,951000000,1202000000,251000000,1.13,0.92,0.21,22.8261,66915000000,11582000000,4740000000,312000000.0,1475000000,55333000000,-665000000,1410000000,3681000000,2431000000,1681000000,995000000,71000000,,-1949000000,786000000,21.985080812266887,13.351452352641411,22.82608695652172,1066000000,0.209314513942855,1787000000.0,15.192307692307692,18.005775437404452,2.4796437659033077,185409891468.25,235.8904471606234,31.494800657083402
AMD,2021-12-31,4826000000,2426000000,1207000000,811000000,1219000000,974000000,1207000000,1341000000,134000000,0.92,0.76,0.16,21.0526,12419000000,4922000000,2535000000,383000000.0,1000000,7497000000,-1451000000,1222000000,2708000000,1955000000,1406000000,822000000,86000000,,-776000000,974000000,11.894273127753308,20.18234562784915,21.052631578947373,908000000,0.6565292783780179,384000000.0,6.618798955613577,16.804807293825114,0.7967145790554415,233527196942.0482,239.76098248670246,48.38939016619316
AMD,2021-09-30,4313000000,2086000000,948000000,765000000,1138000000,923000000,948000000,1060000000,112000000,0.73,0.66,0.07,10.6061,11153000000,4017000000,2440000000,312000000.0,1000000,7136000000,-2425000000,1230000000,2229000000,1902000000,1084000000,849000000,85000000,,-953000000,923000000,12.02597402597403,21.400417342916764,10.606060606060598,934000000,0.562920403587444,313000000.0,7.82051282051282,17.737073962439137,1.0325027085590466,172329775296.93073,186.70614875073753,39.9558950375448
AMD,2021-06-30,3850000000,1830000000,831000000,659000000,999000000,710000000,831000000,941000000,110000000,0.63,0.54,0.09,16.6667,10691000000,3626000000,2623000000,,313000000,7065000000,-3348000000,1232000000,2026000000,1765000000,872000000,952000000,64000000,,-260000000,710000000,11.756168359941954,18.44155844155844,16.66666666666666,1016000000,0.5132342533616419,313000000.0,,17.116883116883116,0.3661971830985915,132456506353.45332,186.55845965275117,34.40428736453333
AMD,2021-03-31,3445000000,1587000000,662000000,610000000,925000000,555000000,662000000,769000000,107000000,0.52,0.44,0.08,18.1818,10047000000,3570000000,1763000000,,313000000,6477000000,-4058000000,1231000000,2185000000,1653000000,989000000,898000000,66000000,,-10000000,555000000,6.196054254007399,16.110304789550074,18.181818181818183,964000000,0.5511811023622047,313000000.0,,17.706821480406386,0.018018018018018,137146523624.15814,247.1108533768615,39.81031164707058
AMD,2020-12-31,3244000000,1451000000,570000000,573000000,881000000,1781000000,570000000,671000000,101000000,0.52,0.48,0.04,8.3333,8962000000,3125000000,1595000000,41000000.0,330000000,5837000000,-4605000000,1226000000,2076000000,1399000000,546000000,554000000,74000000,115000000.0,-5000000,1781000000,15.815780078543384,54.90135635018496,8.333333333333341,628000000,0.5353777625492547,371000000.0,38.90243902439025,17.663378545006164,0.0028074115665356,148830993232.43222,83.56597037194398,45.87885118139094
AMD,2020-09-30,2801000000,1230000000,449000000,508000000,781000000,390000000,449000000,542000000,93000000,0.41,0.36,0.05,13.8889,7023000000,3156000000,1300000000,72000000.0,373000000,3867000000,-6386000000,1215000000,2138000000,1292000000,867000000,339000000,74000000,78000000.0,-1000000,390000000,44.979296066252594,13.923598714744736,13.888888888888888,413000000,0.8161365399534523,445000000.0,18.055555555555557,18.136379864334167,0.0025641025641025,133056950594.34186,341.17166819062015,47.50337400726236
AMD,2020-06-30,1932000000,848000000,173000000,460000000,675000000,157000000,173000000,255000000,82000000,0.18,0.17,0.01,5.8824,6583000000,3278000000,1779000000,200000000.0,490000000,3305000000,-6776000000,1227000000,1799000000,1324000000,994000000,243000000,91000000,,39000000,157000000,8.174692049272124,8.126293995859212,5.8823529411764595,334000000,0.9918305597579424,690000000.0,8.895,23.809523809523807,-0.2484076433121019,85377807468.79518,543.8076908840458,44.19141173333084
AMD,2020-03-31,1786000000,818000000,177000000,442000000,641000000,162000000,177000000,255000000,78000000,0.18,0.18,0.0,0.0,5864000000,2827000000,1334000000,,488000000,3037000000,-6933000000,1224000000,1691000000,1056000000,840000000,-65000000,55000000,,3000000,162000000,-16.031969910672306,9.070548712206048,0.0,-10000000,0.930852815278235,488000000.0,,24.748040313549833,-0.0185185185185185,73806930232.84111,455.59833477062415,41.32526888736904
AMD,2019-12-31,2127000000,949000000,348000000,395000000,601000000,170000000,348000000,421000000,73000000,0.32,0.31,0.01,3.2258,6028000000,3201000000,1470000000,86000000.0,486000000,2827000000,-7095000000,1188000000,1859000000,982000000,1201000000,442000000,42000000,,36000000,170000000,18.101054969461416,7.992477668077104,3.2258064516129057,484000000,1.132295719844358,572000000.0,17.093023255813954,18.57075693464974,-0.2117647058823529,63534332900.61295,373.7313700036056,29.870396286136792
AMD,2019-09-30,1801000000,777000000,186000000,406000000,591000000,120000000,186000000,255000000,69000000,0.18,0.18,0.0,0.0,5253000000,3077000000,1161000000,76000000.0,872000000,2176000000,-7265000000,1117000000,1393000000,1040000000,978000000,234000000,55000000,,3000000,120000000,17.63553233180928,6.662965019433647,0.0,289000000,1.4140625,948000000.0,15.276315789473683,22.54303164908384,-0.025,49415591568.18147,411.79659640151226,27.437863169451123
AMD,2019-06-30,1531000000,621000000,59000000,373000000,562000000,35000000,59000000,129000000,70000000,0.08,0.08,0.0,0.0,5102000000,3201000000,968000000,76000000.0,1031000000,1901000000,-7385000000,1109000000,1333000000,1015000000,1029000000,30000000,58000000,,34000000,35000000,20.361635220125795,2.286087524493795,0.0,88000000,1.683850604944766,1107000000.0,12.736842105263158,24.363161332462443,-0.9714285714285714,44839169765.125374,1281.1191361464394,29.287504745346425
AMD,2019-03-31,1272000000,521000000,38000000,373000000,483000000,16000000,38000000,84000000,46000000,0.06,0.06,0.0,0.0,4931000000,3143000000,983000000,146000000.0,1024000000,1788000000,-7420000000,1094000000,1241000000,955000000,930000000,-213000000,62000000,,450000000,16000000,-10.359408033826634,1.257861635220126,0.0,-151000000,1.7578299776286352,1170000000.0,6.732876712328767,29.323899371069185,-28.125,39613614200.86371,2475.850887553982,31.142778459798514
AMD,2018-12-31,1419000000,537000000,28000000,371000000,509000000,38000000,28000000,71000000,43000000,0.08,0.08,0.0,0.0,4556000000,3290000000,1083000000,136000000.0,1114000000,1266000000,-7436000000,1079000000,1269000000,845000000,1061000000,70000000,41000000,,26000000,38000000,-14.156079854809434,2.6779422128259336,0.0,111000000,2.598736176935229,1250000000.0,7.963235294117647,26.145172656800565,-0.6842105263157895,29957693013.182228,788.3603424521639,21.111834399705586
AMD,2018-09-30,1653000000,661000000,150000000,363000000,511000000,102000000,150000000,191000000,41000000,0.13,0.12,0.01,8.3333,4347000000,3222000000,1051000000,136000000.0,1167000000,1125000000,-7474000000,1076000000,1245000000,738000000,1041000000,95000000,33000000,0.0,9000000,102000000,-5.865603644646922,6.170598911070781,8.333333333333341,128000000,2.864,1303000000.0,7.727941176470588,21.960072595281307,-0.088235294117647,40846975775.943146,400.460546822972,24.710814141526402
AMD,2018-06-30,1756000000,652000000,153000000,357000000,499000000,116000000,153000000,195000000,42000000,0.14,0.13,0.01,7.6923,4103000000,3224000000,953000000,223000000.0,1170000000,879000000,-7576000000,1147000000,1139000000,750000000,995000000,-45000000,43000000,0.0,29000000,116000000,6.618093503339395,6.605922551252847,7.692307692307699,-2000000,3.6678043230944257,1393000000.0,4.273542600896861,20.33029612756264,-0.25,22281643107.09111,192.08313023354404,12.688862817250063
AMD,2018-03-31,1647000000,597000000,120000000,343000000,477000000,81000000,120000000,164000000,44000000,0.11,0.09,0.02,22.2222,3763000000,3048000000,1048000000,223000000.0,1165000000,715000000,-7692000000,1039000000,745300000,715000000,830000000,-86000000,46000000,0.0,6000000,81000000,11.283783783783786,4.918032786885246,22.222222222222225,-40000000,4.262937062937063,1388000000.0,4.699551569506727,20.82574377656345,-0.074074074074074,19652636516.630836,242.62514218062762,11.932384041670211
AMD,2017-12-31,1480000000,515000000,82000000,300000000,433000000,61000000,82000000,121000000,39000000,0.08,0.05,0.03,60.0,3540000000,2929000000,1188000000,29000000.0,1325000000,611000000,-7760000000,965000000,460000000,694000000,796000000,383000000,44000000,0.0,5000000,61000000,-9.920876445526472,4.121621621621622,60.0,427000000,4.7937806873977085,1354000000.0,40.96551724137931,20.27027027027027,-0.081967213114754,17672768330.369164,289.71751361260925,11.941059682681868
AMD,2017-09-30,1643000000,573000000,126000000,315000000,447000000,71000000,126000000,162000000,36000000,0.1,0.08,0.02,25.0,3586000000,3066000000,879000000,70000000.0,1356000000,520000000,-7821000000,1042000000,771000000,794000000,916000000,66000000,34000000,0.0,5000000,71000000,34.45171849427169,4.321363359707851,25.000000000000007,100000000,5.8961538461538465,1426000000.0,12.557142857142855,19.172245891661593,-0.0704225352112676,21096967957.0,297.14039376056337,12.84051610286062
AMD,2017-06-30,1222000000,404000000,25000000,279000000,379000000,-16000000,25000000,60000000,35000000,0.02,0.0003,0.0197,6566.6667,3370000000,2953000000,760000000,42000000.0,1375000000,417000000,-7892000000,945000000,614000000,833000000,857000000,-82000000,12000000,0.0,2000000,-16000000,24.186991869918707,-1.309328968903437,6566.666666666667,-70000000,7.081534772182255,1417000000.0,18.095238095238095,22.83142389525368,0.125,20253088495.84111,-1265.8180309900695,16.573722173356064
AMD,2017-03-31,984000000,331000000,-29000000,266000000,360000000,-73000000,-29000000,5000000,34000000,-0.04,-0.04,0.0,0.0,3299000000,2890000000,722000000,714000000.0,1408000000,409000000,-7876000000,939000000,494000000,839000000,529000000,-299000000,23000000,0.0,8000000,-73000000,-11.030741410488243,-7.41869918699187,0.0,-276000000,7.06601466992665,2122000000.0,1.011204481792717,27.03252032520325,0.1095890410958904,23466319804.846573,-321.45643568282975,23.847885980535136
AMD,2016-12-31,1106000000,351000000,-3000000,264000000,354000000,-51000000,-3000000,31000000,34000000,-0.01,-0.02,0.01,50.0,3321000000,2905000000,1264000000,230000000.0,1435000000,416000000,-7803000000,931000000,311000000,751000000,440000000,188000000,21000000,110000000.0,-1000000,-51000000,-15.378729915837797,-4.61121157323689,50.0,209000000,6.983173076923077,1665000000.0,5.495652173913044,23.869801084990957,-0.0196078431372549,14459537021.363705,-283.5203337522295,13.073722442462662
AMD,2016-09-30,1307000000,59000000,-293000000,259000000,352000000,-406000000,-293000000,-260000000,33000000,0.03,0.004,0.026,650.0,3616000000,3231000000,1258000000,230000000.0,1632000000,385000000,-7752000000,815000000,640000000,772000000,582000000,29000000,9000000,0.0,1359000000,-406000000,27.26387536514119,-31.063504208110174,650.0,38000000,8.392207792207792,1862000000.0,5.469565217391304,19.81637337413925,3.3472906403940885,11213849643.363705,-27.620319318629814,8.579839053836041
AMD,2016-06-30,1027000000,319000000,-8000000,243000000,334000000,69000000,-8000000,25000000,33000000,-0.05,-0.09,0.04,44.4444,3316000000,3729000000,957000000,226000000.0,2012000000,-413000000,-7346000000,821000000,671000000,743000000,616000000,-85000000,21000000,0.0,2000000,69000000,23.4375,6.718597857838364,44.44444444444444,-64000000,-9.02905569007264,2238000000.0,4.234513274336283,23.661148977604675,-0.0289855072463768,7416395937.309582,107.48399909144321,7.22141766047671
AMD,2016-03-31,832000000,269000000,-68000000,242000000,340000000,-109000000,-68000000,-35000000,33000000,-0.12,-0.13,0.01,7.6923,2981000000,3484000000,716000000,230000000.0,2006000000,-503000000,-7415000000,793000000,508000000,675000000,324000000,-42000000,26000000,0.0,0,-109000000,-13.152400835073063,-13.100961538461538,7.692307692307699,-16000000,-6.926441351888668,2236000000.0,3.11304347826087,29.086538461538463,-0.0,3570256193.183217,-32.75464397415796,4.291173309114444
AMD,2015-12-31,958000000,283000000,-49000000,229000000,338000000,-102000000,-49000000,-15000000,34000000,-0.1,-0.1,0.0,0.0,3109000000,3521000000,785000000,230000000.0,2032000000,-412000000,-7306000000,791000000,533000000,678000000,279000000,53000000,32000000,0.0,4000000,-102000000,-9.707822808671065,-10.647181628392484,0.0,85000000,-8.54611650485437,2262000000.0,3.4130434782608696,23.903966597077243,0.0392156862745098,3829910935.7969217,-37.54814642938159,3.9978193484310247
AMD,2015-09-30,1061000000,239000000,-158000000,241000000,349000000,-197000000,-158000000,-116000000,42000000,-0.17,-0.12,-0.05,-41.6667,3229000000,3565000000,755000000,230000000.0,2030000000,-336000000,-7204000000,785000000,668000000,761000000,388000000,-59000000,25000000,0.0,-4000000,-197000000,12.632696390658182,-18.567389255419418,-41.66666666666668,-34000000,-10.610119047619047,2260000000.0,3.282608695652174,22.714420358152687,-0.0203045685279187,2937346984.2301393,-14.910390782894108,2.7684702961641277
AMD,2015-06-30,942000000,232000000,-137000000,235000000,369000000,-181000000,-137000000,-92000000,45000000,-0.17,-0.16,-0.01,-6.25,3381000000,3522000000,829000000,235000000.0,2034000000,-141000000,-7007000000,778000000,687000000,799000000,454000000,-58000000,17000000,0.0,1000000,-181000000,-8.543689320388347,-19.21443736730361,-6.250000000000005,-41000000,-24.97872340425532,2269000000.0,3.527659574468085,24.94692144373673,0.005524861878453,3700083564.4900694,-20.44245063254182,3.9279018731317086
AMD,2015-03-31,1030000000,326000000,-137000000,242000000,376000000,-180000000,-137000000,-91000000,46000000,-0.09,-0.06,-0.03,-50.0,3428000000,3411000000,677000000,235000000.0,2033000000,17000000,-6826000000,777000000,771000000,688000000,381000000,-173000000,22000000,0.0,4000000,-180000000,,-17.475728155339805,-50.0,-151000000,200.64705882352945,2268000000.0,2.880851063829787,23.495145631067963,0.0222222222222222,4349221194.856504,-24.162339971425023,4.222544849375247
