ticker,fiscalDateEnding,totalRevenue,grossProfit,operatingIncome,researchAndDevelopment,operatingExpenses,netIncome,ebit,ebitda,depreciationAndAmortization,reportedEPS,estimatedEPS,surprise,surprisePercentage,totalAssets,totalLiabilities,cashAndCashEquivalentsAtCarryingValue,shortTermDebt,longTermDebt,totalShareholderEquity,retainedEarnings,commonStockSharesOutstanding,currentNetReceivables,inventory,currentAccountsPayable,operatingCashflow,capitalExpenditures,dividendPayout,proceedsFromRepurchaseOfEquity,cashflowNetIncome,revenueGrowthPct,netIncomeMarginPct,epsSurprisePct,freeCashFlow,debtToEquityRatio,totalDebt,cashRatio,rdIntensityPct,buybackRatio,marketCap,peRatio,psRatio
CDNS,2025-06-30,1275441000,1082070000,370389000,442057000,711681000,160051000,309555000,318759000,9204000,1.65,1.58,0.07,4.4304,9508698000,4502160000,2822762000,,2478145000,5006538000,6425498000,273264000,670166000,226162000,291769000.0,377603000,44085000,,-175009000,160051000,2.6622589478462855,12.548679241140908,4.430379746835433,421688000,0.8992561326809064,2478145000.0,,34.65914926680262,1.0934577103548244,81131169938.96484,506.9082351185862,63.61028847195977
CDNS,2025-03-31,1242366000,1075233000,361520000,439102000,713713000,273579000,384810000,436280000,51470000,1.57,1.4988,0.0712,4.7505,9013486000,4237229000,2777674000,,2477159000,4776257000,6265447000,273631000,580887000,225621000,,487021000,23061000,,-350007000,273579000,-8.37880471776522,22.020805463124393,4.750467040298916,510082000,0.887144263803225,2477159000.0,,35.34401295592442,1.2793635476407181,69302382198.94409,253.31762379036437,55.78258113868545
CDNS,2024-12-31,1355981000,1135990000,456875000,392026000,679115000,340210000,466559000,520422000,53863000,1.88,1.8223,0.0577,3.1663,8974482000,4300904000,2644030000,,2476183000,4673578000,5991868000,274292000,680460000,257711000,5555000.0,441359000,37202000,,-170283000,340210000,11.557557842499255,25.08958458857462,3.166328266476423,478561000,0.9202593815701803,2476183000.0,,28.910877069811452,0.5005232062549602,81872343071.59424,240.65237080507404,60.3786801375493
CDNS,2024-09-30,1215499000,1052455000,350056000,407369000,702399000,238111000,357909000,413269000,55360000,1.64,1.44,0.2,13.8889,9167031000,4603693000,2786040000,349958000.0,2475232000,4563338000,5651658000,273958000,560973000,293350000,627200000.0,409995000,26540000,,-200567000,238111000,14.596094395958815,19.58956774131447,13.888888888888888,436535000,1.0088433072457048,2825190000.0,7.9610696140679735,33.51454834598794,0.8423256380427616,73280733704.22363,307.7587079312742,60.28860056999112
CDNS,2024-06-30,1060681000,921411000,293876000,370740000,627535000,229520000,328615000,375768000,47153000,1.28,1.22,0.06,4.918,7225741000,2964849000,1058955000,349732000.0,998935000,4260892000,5413547000,273520000,564851000,171508000,505392000.0,155965000,29199000,,-140784000,229520000,5.111272090163244,21.63892819801618,4.9180327868852505,185164000,0.6958282444145498,1348667000.0,3.027904223805657,34.95301603403851,0.6133844545137679,78016611234.74121,339.91203918935696,73.55332209659757
CDNS,2024-03-31,1009103000,883906000,249956000,378958000,633950000,247643000,318735000,357374000,38639000,1.17,1.13,0.04,3.5398,5722130000,2154534000,1012418000,349507000.0,299805000,3567596000,5184027000,273544000,389865000,185784000,456608000.0,253232000,49601000,,-276129000,247643000,-5.56978466680953,24.540904149526856,3.539823008849561,302833000,0.6039175960506739,649312000.0,2.896703070324772,37.55394642568697,1.1150284885904307,82940507530.51758,334.91965260684765,82.19231092417482
CDNS,2023-12-31,1068623000,964524000,336528000,367443000,627996000,323899000,371051000,412695000,41644000,1.38,1.33,0.05,3.7594,5669491000,2265220000,1008152000,349285000.0,299771000,3404271000,4936384000,272419000,506778000,181661000,91194000.0,272091000,33869000,,-139221000,323899000,4.450128727174629,30.30994092397412,3.759398496240588,305960000,0.6654053099767909,649056000.0,2.8863306468929384,34.384717529006956,0.42982843417238087,74218099969.48242,229.13963911429929,69.45208924895161
CDNS,2023-09-30,1023094000,913513000,292906000,369642000,620607000,254321000,309012000,346222000,37210000,1.26,1.2,0.06,5.0,5431375000,2317481000,961982000,598261000.0,648801000,3113894000,4612485000,272427000,440858000,163693000,598261000.0,395914000,21979000,,-168202000,254321000,4.763055523413873,24.858028685536226,5.000000000000004,417893000,0.7442388854598133,1247062000.0,1.6079637482637177,36.129817983489296,0.6613767640108367,63844407831.57349,251.0386788018822,62.403266788363034
CDNS,2023-06-30,976579000,879721000,299328000,354416000,580393000,221120000,307301000,341182000,33881000,1.22,1.18,0.04,3.3898,5155124000,2246669000,873925000,510007000.0,648551000,2908455000,4358164000,272996000,458508000,139576000,510007000.0,413770000,19936000,9357000.0,-336385000,221120000,-4.415331460619165,22.64230543560736,3.3898305084745797,433706000,0.772461323967536,1158558000.0,1.713554911991404,36.291585217376166,1.521278039073806,62920666897.88818,284.55439081895884,64.42967429966053
CDNS,2023-03-31,1021690000,897218000,322463000,350295000,574755000,241804000,330747000,363755000,33008000,1.29,1.26,0.03,2.381,5171619000,2230743000,916963000,30000000.0,648301000,2940876000,4137044000,273159000,505404000,127566000,430135000.0,267401000,26719000,,-125010000,241804000,13.536627783574872,23.66706143742231,2.3809523809523827,294120000,0.7585301114361843,678301000.0,30.565433333333335,34.285840127631666,0.5169889662702023,52574221265.25879,217.42494443954106,51.45809518078751
CDNS,2022-12-31,899877000,806362000,211117000,350423000,595245000,240392000,219607000,257742000,38135000,0.96,0.92,0.04,4.3478,5137071000,2391958000,882325000,100000000.0,648078000,2745113000,3895240000,272997000,486710000,128005000,47113000.0,263635000,36920000,,-308800000,240392000,-0.2966027517467107,26.71387311821504,4.3478260869565135,300555000,0.8713513797064092,748078000.0,8.82325,38.94121085437232,1.2845685380545109,43772793433.6853,182.0892269030804,48.64308503682759
CDNS,2022-09-30,902554000,814905000,260752000,323629000,554153000,186305000,257735000,285598000,27863000,1.06,0.97,0.09,9.2784,4968087000,2259959000,1026050999,150000000.0,647799000,2708128000,3654848000,274957000,429623000,114283000,454688000.0,317110000,44343000,300000000.0,-189562000,186305000,5.251533198603875,20.641978208506085,9.278350515463925,361453000,0.8345096686714956,797799000.0,6.840339993333333,35.85702351327455,1.0174820858270042,47350588464.20288,254.15629459328994,52.46288694549344
CDNS,2022-06-30,857521000,764873000,282888000,286597000,481985000,186920000,276926000,310607000,33681000,1.08,0.96,0.12,12.5,4361274000,1736045000,1029544000,437195000.0,347999000,2625229000,3468543000,275172000,391738000,106372000,437195000.0,324541000,24072000,,-357234000,186920000,-4.906483500154146,21.79771690722443,12.50000000000001,348613000,0.6612927862674075,785194000.0,2.354885119912167,33.4215721830719,1.9111598544832014,41105118163.14697,219.90754420686375,47.93482394384158
CDNS,2022-03-31,901766000,803923000,318929000,290895000,484994000,235335000,314029000,349780000,35751000,1.17,1.02,0.15,14.7059,4395067000,1634884000,1134752000,360547000.0,347792000,2760183000,3281623000,276918000,361789000,110213000,360547000.0,336608000,18880000,,-306359000,235335000,16.652523297750687,26.097124974771724,14.705882352941169,355488000,0.5923100026338833,708339000.0,3.1473067311612635,32.25836857898834,1.3017995623260459,41456628433.6853,176.1600630322107,45.97271180515267
CDNS,2021-12-31,773036000,703310000,195680000,288953000,507630000,176579000,198305000,224962000,26657000,0.82,0.76,0.06,7.8947,4386299000,1645624000,1088940000,25271000.0,347588000,2740675000,3046288000,278253000,337596000,115721000,392012000.0,215857000,16904000,,-119793000,176579000,2.948614653180548,22.84227383976943,7.894736842105256,232761000,0.6004447809390022,372859000.0,43.09049899093823,37.37898364371129,0.6784102299820477,48356077229.46167,273.8495360686246,62.55346093773339
CDNS,2021-09-30,750895000,674308000,194034000,289105000,480274000,176307000,192891000,227620000,34729000,0.8,0.75,0.05,6.6667,4213875000,1582613000,1013819000,342335000.0,347385000,2631262000,2869709000,278311000,327191000,101575000,342335000.0,296283000,18838000,,-140143000,176307000,3.104553849111258,23.479581033300263,6.666666666666672,315121000,0.6014653804904263,689720000.0,2.9614821738939927,38.50138834324373,0.7948805209095499,41265886265.25879,234.05699300231294,54.955601336083994
CDNS,2021-06-30,728285000,651568000,185438000,285227000,466130000,155900000,187581000,222815000,35234000,0.86,0.76,0.1,13.1579,4122548000,1605805000,847160000,312800000.0,347186000,2516743000,2693402000,278558000,389986000,90479000,312800000.0,380376000,14171000,,-241691000,155900000,-1.051998021814382,21.406454890599147,13.157894736842103,394547000,0.6380488591802977,659986000.0,2.708312020460358,39.164200827972564,1.5502950609364978,35906008464.20288,230.31435833356562,49.3021392232476
CDNS,2021-03-31,736028000,652067000,203937000,270992000,448130000,187169000,206638000,240720000,34082000,0.83,0.75,0.08,10.6667,3998959000,1456527000,742981000,267691000.0,346988000,2542432000,2537502000,280140000,388666000,76592000,267690999.0,208442000,16968000,,-228652000,187169000,-3.142613128677252,25.42960322161657,10.666666666666663,225410000,0.5728872984606864,614679000.0,2.7755172941936785,36.81816452634954,1.221633924421245,37328406596.832275,199.4369078043494,50.71601433210731
CDNS,2020-12-31,759909000,686373000,184979000,290309000,501394000,173738000,191062000,232115000,41053000,0.83,0.74,0.09,12.1622,3950785000,1457767000,928432000,,346793000,2493018000,2350333000,280173000,348196000,75956000,349951000.0,135522000,31068000,24513000.0,-154530000,173738000,13.99655269146589,22.86300070139977,12.162162162162158,166590000,0.5847398614851558,346793000.0,,38.20312695335889,0.8894427241018085,31690587831.573486,182.40447013073413,41.70313528537428
CDNS,2020-09-30,666607000,584323000,169272000,250934000,415038000,161630000,170476000,208155000,37679000,0.7,0.61,0.09,14.7541,4140152000,1744434000,1306564000,350000000.0,346584000,2395718000,2176595000,280024000,309090000,47979000,289835000.0,206557000,20210000,,-106869000,161630000,4.415445679789731,24.24667007697189,14.754098360655732,226767000,0.7281466349545314,696584000.0,3.73304,37.6434690904836,0.6611953226504981,29769532500.0,184.18321165625193,44.65829566746224
CDNS,2020-06-30,638418000,563203000,151950000,250821000,411528000,131288000,155784000,193161000,37377000,0.66,0.52,0.14,26.9231,3999497000,1742866000,1189186000,350000000.0,346394000,2256631000,2014965000,279080000,322998000,43924000,305789000.0,345124000,21356000,,-91143000,131288000,3.3110718059670807,20.564583078797906,26.923076923076927,366480000,0.7723309659399343,696394000.0,3.397674285714286,39.28789601796942,0.6942218633843154,24875612349.47205,189.47361791993214,38.96445956954855
CDNS,2020-03-31,617957000,543494000,138284000,241668000,405210000,123988000,134111000,168138000,34027000,0.6,0.54,0.06,11.1111,3767973000,1609979000,946285000,350000000.0,346205000,2157994000,1883677000,279265000,300078000,60575000,233334000.0,217719000,22179000,,-137550000,123988000,3.0692763799818223,20.064179222826183,11.1111111111111,239898000,0.7460535108067956,696205000.0,2.7036714285714285,39.107575446188,1.1093815530535214,18022488433.685303,145.35671543766577,29.164631897826713
CDNS,2019-12-31,599555000,526227000,108899000,235372000,417328000,659675000,109647000,141036000,31389000,0.54,0.53,0.01,1.8868,3357225000,1254331000,705210000,,346019000,2102894000,1761688000,279557000,304546000,55802000,316908000.0,159296000,27078000,,-90581000,659675000,3.442356233490851,110.0274370157867,1.8867924528301903,186374000,0.5964784720485198,346019000.0,,39.25778285561792,0.13731155493235306,18899906566.314697,28.650330187311475,31.52322400165906
CDNS,2019-09-30,579603000,518628000,120826000,240542000,397988000,101514000,120948000,151151000,30203000,0.54,0.51,0.03,5.8824,2662198000,1181936000,655216000,246652000.0,345833000,1480262000,1102013000,280666000,274914000,66745000,246652000.0,138530000,16965000,,-104329000,101514000,-0.14058809239532177,17.514402099368017,5.8823529411764754,155495000,0.7984640556874392,592485000.0,2.6564390315099815,41.50116545290483,1.0277301652973974,18660116114.730835,183.8181542913375,32.194650674221556
CDNS,2019-06-30,580419000,518950000,133675000,231814000,385588000,107235000,133565000,165022000,31457000,0.57,0.53,0.04,7.5472,2612325000,1181780000,633415000,218251000.0,345652000,1430545000,1000499000,281054000,237609000,49299000,218251000.0,246360000,15287000,112876000.0,-87882000,107235000,0.6375467713466421,18.47544618628956,7.547169811320741,261647000,0.8261047363067922,563903000.0,2.902231833989306,39.93907849329536,0.819527206602322,18905355451.583862,176.2983676186307,32.57191003668705
CDNS,2019-03-31,576742000,506157000,128396000,228210000,378450000,120555000,133637000,163377000,29740000,0.54,0.49,0.05,10.2041,2546311000,1180474000,538898000,50000000.0,345470000,1365837000,893264000,280615000,264767000,37480000,209017000.0,185414000,15275000,82822000.0,-113936000,120555000,1.2094410809862177,20.902760679818705,10.204081632653072,200689000,0.8642861483471307,395470000.0,10.77796,39.56881933342812,0.9450955995188918,15600052500.0,129.40195346522333,27.048580647846006
CDNS,2018-12-31,569850000,493726000,113690000,218271000,380036000,98425000,127389000,157107000,29718000,0.52,0.47,0.05,10.6383,2468654000,1180253000,533298000,100000000.0,345291000,1288401000,772709000,280321000,297082000,28162000,5484000.0,131884000,19742000,,-110325000,98425000,7.020515786864179,17.272089146266563,10.638297872340436,151626000,0.9160602948926615,445291000.0,5.33298,38.30323769413003,1.1209042418084836,12144879216.842651,123.39221962756059,21.31241417362929
CDNS,2018-09-30,532468000,472014000,103630000,223231000,368556000,99318000,129709000,133179000,3470000,0.49,0.41,0.08,19.5122,2273207000,1015790000,544585000,211458000.0,345113000,1257417000,674284000,281646000,240836000,30535000,211458000.0,109954000,10656000,29494000.0,-79505000,99318000,2.7155178234190114,18.652388500341804,19.512195121951226,120610000,0.8078386088306425,556571000.0,2.5753813996159995,41.92383392053607,0.8005094746168872,12349246716.842651,124.34046916815332,23.192467372391675
CDNS,2018-06-30,518391000,459431000,93056000,219129000,366822000,75149000,92609000,122502000,29893000,0.45,0.4,0.05,12.5,2527865000,1339877000,819540000,299879000.0,344939000,1187988000,574966000,280774000,219072000,28558000,243158000.0,205266000,17977000,3610000.0,-53622000,75149000,0.20838447902913337,14.496586553393096,12.499999999999996,223243000,1.1278539850570881,644818000.0,2.732902270582468,42.27098850095777,0.713542429040972,11567200707.893372,153.92354798990502,22.313660360410136
CDNS,2018-03-31,517313000,454104000,85833000,224185000,370262000,72885000,83842000,113231000,29389000,0.4,0.37,0.03,8.1081,2486673000,1344375000,746968000,344826000.0,344766000,1142298000,499817000,281651000,225822000,30090000,210784000.0,157647000,13128000,26515000.0,-76528000,72885000,3.107497777653756,14.089149122484839,8.108108108108116,170775000,1.1769039252454263,689592000.0,2.166217164598957,43.33643268195464,1.0499828496947246,10564437424.736025,144.9466615179533,20.421751289327787
CDNS,2017-12-31,501722000,441438000,81278000,203468000,347982000,-14442000,119404000,122975000,3571000,0.39,0.39,0.0,0.0,2418714000,1429512000,688087000,85000000.0,644369000,989202000,341003000,273157000,190426000,33209000,4825000.0,126856000,18225000,0.0,-53043000,-14442000,3.363013444637186,-2.878486492519762,0.0,145081000,1.445116366525745,729369000.0,8.095141176470587,40.55393225730584,-3.672829248026589,11760668358.421326,-814.3379281554719,23.440607265420542
CDNS,2017-09-30,485398000,430916000,80385000,206568000,350586000,81157000,80330000,108631000,28301000,0.35,0.34,0.01,2.9412,2305227000,1294487000,678284000,196215000.0,644146000,1010740000,355445000,281400000,170312000,36000000,196215000.0,89314000,12188000,0.0,-78324000,81157000,1.335487817353198,16.71968158088826,2.9411764705882213,101502000,1.2807319389754042,840361000.0,3.456840710445175,42.55641762017973,0.9650923518612073,10706132349.472046,131.91877902672655,22.056399798664284
CDNS,2017-06-30,479001000,418169000,82690000,195901000,336408000,69127000,81761000,111171000,29410000,0.34,0.32,0.02,6.25,2267699000,1315906000,655998000,216007000.0,643927000,951793000,274288000,279526000,153154000,31894000,216007000.0,162140000,12645000,0.0,-3349000,69127000,0.4382369037409406,14.431493879971022,6.250000000000005,174785000,1.3825548202182618,859934000.0,3.0369293587707804,40.89782693564314,0.048447061206185714,9125690557.365416,132.0134036970419,19.051506275280044
CDNS,2017-03-31,476911000,415119000,79602000,198286000,337305000,68259000,77814000,106708000,28894000,0.32,0.32,0.0,0.0,2191198000,1350606000,544128000,50000000.0,643709000,840592000,205161000,277736000,180571000,30734000,193978000.0,92430000,14843000,50000000.0,-22470000,68259000,1.6911168919783393,14.312733403087789,0.0,107273000,1.606731922264309,693709000.0,10.88256,41.577149614917666,0.3291873599085835,8419940896.053314,123.3528310706766,17.65516185630718
CDNS,2016-12-31,468980000,392932000,53117000,181516000,313473000,38477000,106532000,110421000,3889000,0.34,0.33,0.01,3.0303,2096908000,1355138000,465232000,50000000.0,643493000,741770000,136902000,278917000,157171000,39475000,4367000.0,196862000,11260000,0.0,-241787000,38477000,5.100623011070771,8.2044010405561,3.030303030303033,208122000,1.8268978254715074,693493000.0,9.30464,38.70442236342701,6.2839358577851705,6970294179.210663,181.15482442006038,14.86266829973701
CDNS,2016-09-30,446220000,389613000,66842000,191547000,322670000,64712000,66943000,93910000,26967000,0.3,0.28,0.02,7.1429,2194087000,1267291000,524333000,50000000.0,643277000,926796000,98425000,287473000,152025000,64476000,192150000.0,84460000,14165000,0.0,-258138000,64712000,-1.5012549087128457,14.502263457487338,7.142857142857128,98625000,1.367389371555337,693277000.0,10.48666,42.92658329971763,3.9890283100506863,6932145745.52536,107.12303352585857,15.535264545572499
CDNS,2016-06-30,453021000,391238000,66906000,182371000,324406000,49335000,69674000,74211000,4537000,0.29,0.28,0.01,3.5714,2377873000,1302480000,669573000,50000000.0,643073000,1075393000,33713000,295201000,156444000,61932000,221244000.0,80366000,16171000,0.0,-242365000,49335000,1.151917331678054,10.890223632017058,3.5714285714285547,96537000,1.2111665223783306,693073000.0,13.39146,40.25663269473159,4.91263808655113,6621506792.106628,134.21519797520276,14.616335207654013
CDNS,2016-03-31,447862000,385808000,58036000,179906000,313186000,50562000,72622000,103853000,31231000,0.28,0.27,0.01,3.7037,2539024000,1304972000,810400000,50000000.0,642862000,1234052000,-15622000,303434000,147533000,56634000,186574000.0,83191000,12116000,0.0,-255225000,50562000,1.537819755644687,11.28963832609152,3.703703703703707,95307000,1.0574692152356626,692862000.0,16.208,40.16996306898107,5.047763142280764,5872159292.106628,116.13779700380975,13.111537241620473
CDNS,2015-12-31,441079000,380177000,81840000,161970000,297990000,80374000,82187000,112346000,30159000,0.31,0.29,0.02,6.8966,2351015000,974900000,616686000,11024000.0,348788000,1376115000,-73991000,310512000,164848000,56762000,25152000.0,122851000,10715000,0.0,-121910000,80374000,1.6866353285088787,18.222132543149865,6.896551724137938,133566000,0.708443698382766,359812000.0,55.94031204644412,36.72131296207709,1.516784034638067,6054727612.895966,75.33191844248097,13.72708202588644
CDNS,2015-09-30,433763000,368552000,77901000,154627000,290348000,77624000,101560000,107247000,5687000,0.28,0.26,0.02,7.6923,2331140000,946578000,616091000,192507000.0,348760000,1384562000,-154365000,313186000,133665000,57690000,192507000.0,86907000,10026000,0.0,-136040000,77624000,4.299286097291777,17.895486705873946,7.692307692307699,96933000,0.6836660257901055,541267000.0,3.200356350678157,35.64780767377577,1.752550757497681,5635093283.157349,72.59472950578879,12.991180167873582
CDNS,2015-06-30,415883000,364128000,76404000,157974000,288222000,58160000,75906000,105436000,29530000,0.27,0.24,0.03,12.5,2380653000,983438000,647851000,199245000.0,348733000,1397215000,-231989000,313665000,131325000,62172000,199245000.0,121754000,16547000,0.0,-57979000,58160000,1.0980489393873194,13.984702428327198,12.50000000000001,138301000,0.7038558847421478,547978000.0,3.2515295239529225,37.98520256899176,0.9968878954607978,5357153358.421326,92.1106148284272,12.88139538865817
CDNS,2015-03-31,411366000,350781000,49285000,162996000,297137000,36259000,53644000,83077000,29433000,0.23,0.21,0.02,9.5238,3062565000,1699375000,887736000,293667000.0,348705000,1363190000,-290149000,311847000,133924000,54450000,178474000.0,46688000,7520000,0.0,-36797000,36259000,,8.814291895781372,9.523809523809533,54208000,1.2466163924324563,642372000.0,3.0229341396888314,39.62310934787999,1.0148376954687113,5002916566.314697,137.97723506756108,12.16171624858325
