ticker,fiscalDateEnding,totalRevenue,grossProfit,operatingIncome,researchAndDevelopment,operatingExpenses,netIncome,ebit,ebitda,depreciationAndAmortization,reportedEPS,estimatedEPS,surprise,surprisePercentage,totalAssets,totalLiabilities,cashAndCashEquivalentsAtCarryingValue,shortTermDebt,longTermDebt,totalShareholderEquity,retainedEarnings,commonStockSharesOutstanding,currentNetReceivables,inventory,currentAccountsPayable,operatingCashflow,capitalExpenditures,dividendPayout,proceedsFromRepurchaseOfEquity,cashflowNetIncome,revenueGrowthPct,netIncomeMarginPct,epsSurprisePct,freeCashFlow,debtToEquityRatio,totalDebt,cashRatio,rdIntensityPct,buybackRatio,marketCap,peRatio,psRatio
CRWD,2025-07-31,1168952000,858669000,-112979000,346668000,971648000,-77675000,-64851000,3187000,68038000,0.93,0.83,0.1,12.0482,9288859000.0,5494168000.0,4972436000.0,12860000.0,744727000.0,3756680000.0,-1265989000.0,249909000,886557000.0,,120554000.0,332832000,13060000,,74622000.0,-77645000,5.937645568289529,-6.6448408488971324,12.048192771084349,345892000,1.4625062555234942,757587000.0,386.65909797822707,29.656307530163772,0.9606952043772128,114076679827.85034,-1468.6408732262678,97.58884866773857
CRWD,2025-04-30,1103434000,814291000,-124656000,334129000,938947000,-110207000,-83172000,-19115000,64057000,0.73,0.66,0.07,10.6061,8720362000.0,5229348000.0,4614153000.0,11964000.0,744355000.0,3450877000.0,-1188314000.0,248432000,808694000.0,,16404000.0,384107000,103188000,,,-110993000,4.241321520814556,-9.987638590074258,10.606060606060598,487295000,1.5153678325828477,756319000.0,385.6697592778335,30.28083238326896,,118292723116.4331,-1073.368507594192,107.20416727818166
CRWD,2025-01-31,1058538000,784548000,-85301000,315142000,869849000,-92282000,-39799000,17641000,57440000,1.03,0.86,0.17,19.7674,8701578000.0,5382661000.0,4323295000.0,13811000.0,743983000.0,3279494000.0,-1078107000.0,246933000,1128564000.0,,130887000.0,345722000,104914000,,,-92731000,4.78727511389081,-8.71787314201285,19.76744186046512,450636000,1.6413083847691137,757794000.0,313.03272753602204,29.771439475956463,,97787180771.42516,-1059.6560626278706,92.37947128154602
CRWD,2024-10-31,1010178000,755091000,-55723000,275602000,810814000,-16822000,-3951000,51297000,55248000,0.93,0.81,0.12,14.8148,7782958000.0,4687347000.0,4262214000.0,15658000.0,743610000.0,3057933000.0,-985825000.0,245536000,813922000.0,,79214000.0,326136000,94975000,,,-16819000,4.804164868364258,-1.6652510745630968,14.814814814814811,421111000,1.5328481690082811,759268000.0,272.2067952484353,27.282518526437915,,85866811621.42517,-5104.435359732801,85.00166467832913
CRWD,2024-07-31,963872000,726471000,13658000,250908000,712813000,47013000,64153000,116737000,52584000,1.04,0.97,0.07,7.2165,7202474000.0,4311884000.0,4038536000.0,17031000.0,743238000.0,2852915000.0,-969003000.0,251265000,661045000.0,,21067000.0,326641000,53770000,,,47013000,4.650849695343062,4.8775148567444635,7.216494845360831,380411000,1.5113958880653646,760269000.0,237.12853032705067,26.031257262375085,,69584840912.85828,1480.1191354063403,72.19303072696196
CRWD,2024-04-30,921036000,696033000,6936000,235249000,689097000,42820000,60442000,109126000,48684000,0.93,0.89,0.04,4.4944,6841985000.0,4273203000.0,3702437000.0,16020000.0,742866000.0,2535540000.0,-1016016000.0,250164000,702856000.0,,21299000.0,383228000,60162000,,,42820000,8.955147959093136,4.649112521117525,4.494382022471914,443390000,1.68532265316264,758886000.0,231.11342072409488,25.541781211592163,,78717102133.55896,1838.3255986351928,85.46582558505743
CRWD,2024-01-31,845335000,636763000,29671000,213998000,607092000,53699000,74972000,117341000,42369000,0.95,0.82,0.13,15.8537,6646520000.0,4309431000.0,3375069000.0,14150000.0,742494000.0,2303950000.0,-1058836000.0,247936000,853105000.0,1.0,28180000.0,347016000,74036000,,76375000.0,53699000,7.5470665916892,6.352392838342196,15.853658536585366,421052000,1.8704533518522537,756644000.0,238.52077738515905,25.315170908574707,-1.42227974450176,80453707413.57483,1498.234742054318,95.17375645581318
CRWD,2023-10-31,786014000,591010000,3163000,196072000,587847000,26665000,42750000,81175000,38425000,0.82,0.74,0.08,10.8108,5831056000.0,3770209000.0,2968872000.0,14430000.0,742122000.0,2028950000.0,-1112535000.0,243799000,561872000.0,209216000.0,56968000.0,273518000,33920000,,,26669000,7.433852815509567,3.3924332136577724,10.810810810810803,307438000,1.8582069543359867,756552000.0,205.74303534303533,24.945102758983936,,59473860007.13776,2230.409150839593,75.66514083354464
CRWD,2023-07-31,731626000,548709000,-15373000,179362000,564082000,8472000,19531000,53408000,33877000,0.74,0.56,0.18,32.1429,5520458000.0,3650358000.0,3167215000.0,16133000.0,741750000.0,1838207000.0,-1139200000.0,242144000,539463000.0,197111000.0,37073000.0,244781000,55990000,,,8476000,5.6377602587426745,1.1579686889202954,32.14285714285713,300771000,1.985825317823292,757883000.0,196.31903551726276,24.515531159362844,,40913216167.85828,4829.227592995548,55.920943443587674
CRWD,2023-04-30,692580000,523350000,-19456000,179065000,542806000,491000,11295000,41878000,30583000,0.57,0.51,0.06,11.7647,5137858000.0,3503499000.0,2829677000.0,16215000.0,741377000.0,1605301000.0,-1147672000.0,240598000,461092000.0,186901000.0,16900000.0,300892000,73166000,,7908000.0,499000,8.66267001586214,0.0708943371162898,11.76470588235293,374058000,2.1824561250506913,757592000.0,174.50983657107616,25.854774899650582,-16.105906313645622,36857780186.433105,75066.76209049512,53.21808337871886
CRWD,2023-01-31,637367000,461763000,-61500000,191845000,523263000,-47481000,-37266000,-9416000,27850000,0.47,0.43,0.04,9.3023,5026540000.0,3539106000.0,2455369000.0,13046000.0,741005000.0,1463641000.0,-1148163000.0,235027000,626181000.0,186855000.0,45372000.0,273293000,65389000,,59419000.0,-47481000,9.72400590825675,-7.449554181499826,9.302325581395344,338682000,2.418015073368401,754051000.0,188.2085696765292,30.099612938856264,1.2514268865440914,30287776459.283447,-637.8925561652756,47.520151591286414
CRWD,2022-10-31,580882000,422654000,-56422000,155256000,479076000,-54956000,-39427000,-13511000,25916000,0.4,0.31,0.09,29.0323,4469443000.0,3131811000.0,2466551000.0,10423000.0,740633000.0,1314289000.0,-1100682000.0,233785000,485313000.0,162260000.0,89289000.0,242851000,68774000,,,-54631000,8.54503291582034,-9.460785495160808,29.032258064516135,311625000,2.3828937166787516,751056000.0,236.64501583037512,26.727631429446948,,29524872603.927155,-537.2456620555928,50.82765966913617
CRWD,2022-07-31,535153000,394586000,-48307000,137864000,442893000,-49285000,-37200000,-15291000,21909000,0.36,0.28,0.08,28.5714,4154236000.0,2910889000.0,2318858000.0,10316000.0,740261000.0,1225419000.0,-1045726000.0,232554000,418799000.0,1.0,53817000.0,209906000,74149000,,,-48313000,9.69981592098952,-9.209515783336728,28.57142857142855,284055000,2.375423426599392,750577000.0,224.7826677006592,25.76160462521933,,45826918268.57086,-929.8350059565965,85.63330163256276
CRWD,2022-04-30,487834000,361002000,-23883000,123399000,384885000,-31523000,-20671000,-242000,20429000,0.31,0.23,0.08,34.7826,3835835000.0,2718838000.0,2152736000.0,9967000.0,739889000.0,1102541000.0,-996441000.0,231179000,369130000.0,135681000.0,11024000.0,214957000,58125000,,4568000.0,-30409000,13.183916846476883,-6.4618292287950405,34.782608695652165,273082000,2.465974507977481,749856000.0,215.98635497140563,25.295284871493173,0.1449100656663388,42300997785.71655,-1341.9090120139756,86.71186876215383
CRWD,2022-01-31,431010000,318390000,-23534000,105018000,341924000,-41980000,-21855000,-1364000,20491000,0.3,0.2,0.1,50.0,3618381000.0,2580738000.0,1996633000.0,9820000.0,739517000.0,1025763999.0,-964918000.0,229662000,368145000.0,126822000.0,47634000.0,159718000,32388000,,50277000.0,-41739000,13.40846360093777,-9.739913227071298,49.999999999999986,192106000,2.5159178938975417,749337000.0,203.32311608961305,24.365559963805943,1.1976417341591234,48988954564.27948,-1166.9593750423887,113.66083052430217
CRWD,2021-10-31,380051000,278387000,-40264000,97630000,318651000,-50455000,-39574000,-21715000,17859000,0.17,0.1,0.07,70.0,3299617000.0,2340047000.0,1907508000.0,9706000.0,739145000.0,948182000.0,-922938000.0,228293000,283272000.0,108636000.0,7167000.0,159058000,36235000,,7554000.0,-50450000,12.544345405549471,-13.275849820155717,70.0,195293000,2.467930207491811,748851000.0,196.5287451061199,25.688657574904425,0.1497175701119809,54492398946.42914,-1080.0197987598679,143.38180651130807
CRWD,2021-07-31,337690000,247258000,-47403000,90455000,294661000,-57318000,-46784000,-30696000,16088000,0.11,0.09,0.02,22.2222,3136045000.0,2224644000.0,1787051000.0,9374000.0,738772000.0,904268000.0,-872483000.0,226362000,266540000.0,95470000.0,19642000.0,108475000,34836000,,36190000.0,-57318000,11.50662224320853,-16.973555627942787,22.222222222222225,143311000,2.4601600410497775,748146000.0,190.6391081715383,26.786401729396783,0.6313897902927527,63644733208.57086,-1110.379517927542,188.47088515671433
CRWD,2021-04-30,302843000,224338000,-31347000,78180000,255685000,-85049000,-26579000,-12207000,14372000,0.1,0.06,0.04,66.6667,2881171000.0,2027774000.0,1684997000.0,9333000.0,738400000.0,849264000.0,-815165000.0,224153000,211233000.0,85388000.0,3468000.0,147533000,30230000,,4409000.0,-82871000,14.311004080338495,-28.083528428921916,66.66666666666669,177763000,2.3876839239623955,747733000.0,180.54184078002783,25.815356471835244,0.0518407035943985,55749682819.29138,-655.5007445036554,184.08773793447887
CRWD,2021-01-31,264929000,198197000,-15803000,66070000,214000000,-19002000,-15121000,-3285000,11836000,0.13,0.08,0.05,62.5,2732533000.0,1860659000.0,1918608000.0,8977000.0,738029000.0,870574000.0,-730116000.0,221700000,239199000.0,80850000.0,12065000.0,114463000,17253000,,34263000.0,-19002000,13.967564312139723,-7.172487723125818,62.5,131716000,2.137278393335891,747006000.0,213.72485240057927,24.93875717645105,1.803125986738238,54156119977.85431,-2850.022101771093,204.41748535590406
CRWD,2020-10-31,232460000,170933000,-24159000,57539000,195092000,-24531000,-23887000,-13408000,10479000,0.08,0.0022,0.0778,3536.3636,1749509000.0,934724000.0,1059925999.0,8646000.0,,813485000.0,-711114000.0,219401000,172775000.0,62422000.0,7494000.0,88501000,12406000,,,-24531000,16.8310959888627,-10.552783274541856,3536.3636363636365,100907000,1.1490365526100663,8646000.0,122.59148727735368,24.752215434913538,,38466403552.85828,-1568.0731952573592,165.47536588169265
CRWD,2020-07-31,198971000,144580000,-29991000,50483000,174571000,-29874000,-29259000,-19736000,9523000,0.03,-0.01,0.04,400.0,1616952000.0,824937000.0,1064733999.0,8643000.0,,790965000.0,-686583000.0,216695000,149236000.0,53837000.0,10118000.0,55025000,22608000,,,-29874000,11.732499241905224,-15.014248307542305,400.0,77633000,1.0429500673228271,8643000.0,123.19032731690385,25.372039141382412,,31552590594.63974,-1056.1890136787756,158.5788411107133
CRWD,2020-04-30,178078000,131183000,-22576000,40578000,153759000,-19222000,-18043000,-9738000,8305000,0.02,-0.06,0.08,133.3333,1519396000.0,766243000.0,1004991000.0,6673000.0,,752153000.0,-656709000.0,213129000,144187000.0,53410000.0,6528000.0,98577000,11576000,,6393000.0,-19222000,17.07262555141378,-10.79414638529184,133.33333333333334,110153000,1.0187328907815298,6673000.0,150.60557470403117,22.786644054852367,0.3325876599729476,22036370230.716553,-1146.4140167889166,123.7456071536998
CRWD,2020-01-31,152109000,108692000,-31133000,38691000,139825000,-28408000,-27930000,-20825000,7105000,-0.02,-0.08,0.06,75.0,1404906000.0,662299000.0,264798000.0,67165000.0,,742107000.0,-637487000.0,207565000,164987000.0,42971000.0,1345000.0,66107000,15431000,,12365000.0,-28408000,21.571463966304073,-18.67608096825303,75.0,81538000,0.8924575566596191,67165000.0,3.942499813891163,25.43636471214721,0.4352647141650239,14966964396.429138,-526.8573780776238,98.39631051699202
CRWD,2019-10-31,125119000,87764000,-38518000,35992000,126282000,-35505000,-34969000,-29039000,5930000,-0.07,-0.12,0.05,41.6667,1256054000.0,539012000.0,743605000.0,66365000.0,,717042000.0,-609079000.0,204096000,145694000.0,35924000.0,5244000.0,38635000,31587000,,684706000.0,-35505000,15.73519073519074,-28.376985110175113,41.66666666666666,70222000,0.7517160779982205,66365000.0,11.20477661417916,28.766214563735325,19.284776792001125,12525170999.107285,-352.7720320830104,100.10606701705804
CRWD,2019-07-31,108108000,76526000,-50639000,31630000,127165000,-51889000,-51090000,-45631000,5459000,-0.18,-0.23,0.05,21.7391,1171586000.0,443489000.0,732808000.0,52625000.0,,728097000.0,-573574000.0,200392486,115256000.0,34017000.0,1126000.0,-6214000,22944000,,683882000.0,-51889000,12.52224778042612,-47.997372997373,21.739130434782613,16730000,0.6091070283217758,52625000.0,13.925092636579572,29.25777925777926,13.179710535951743,20397633472.858276,-393.10130225786344,188.67829830223735
CRWD,2019-04-30,96077000,66804000,-25775000,23875000,92579000,-25977000,-25381000,-20362000,5019000,-0.47,-0.47,0.0,0.0,457361000.0,384626000.0,92993000.0,43868000.0,,72735000.0,-521684999.0,196688971,87355000.0,26193000.0,9915000.0,1415000,17525000,,1510000.0,-25977000,19.417065440308257,-27.03768852066571,0.0,18940000,5.288045645150203,43868000.0,2.119836783076502,24.849860008118487,0.0581283443045771,17137726740.356293,-659.7269407689993,178.3749153320388
CRWD,2019-01-31,80455000,53460000,-31232000,22005000,84692000,-31260000,-30911000,-26147000,4764000,-0.22,0.0,-0.22,,433219000.0,363100000.0,88408000.0,51825000.0,0.0,70119000.0,-519126000.0,171202000,92476000.0,46152000.0,6855000.0,15808000,15939000,0.0,208478000.0,-31260000,21.205501740008124,-38.85401777391088,-inf,31747000,5.178339679687388,51825000.0,1.7058948383984562,27.350692933938227,6.669161868202175,,,
CRWD,2018-10-31,66379000,44105000,-42091000,25968000,86196000,-42323000,-41788000,-37951000,3837000,,,,,389554000.0,292995000.0,83462000.0,,,96559000.0,-487866000.0,171202000,77065000.0,,5733000.0,-3639000,9437000,,,-42323000,19.170212383978736,-63.75962277226231,,5798000,3.0343624105469194,0.0,,39.120806279094296,,,,
CRWD,2018-07-31,55701000,37126000,-30427000,18963000,67553000,-32877000,-32279000,-28631000,3648000,,,,,,,,,,,,171202000,,,,-28744000,6913000,,,-32877000,17.78849203831758,-59.024074971724026,,-21831000,,0.0,,34.044272095653575,,,,
CRWD,2018-04-30,47289000,27895000,-33114000,17615000,61009000,-33617000,-33304000,-30155000,3149000,,,,,,,-65772000.0,,,-18458000.0,,171202000,,,,-6393000,10356000,,,-33617000,22.14014515587468,-71.0884137960202,,3963000,,0.0,,37.24967751485546,,,,
CRWD,2018-01-31,38717000,19547000,-36767000,15928000,56367000,-41717000,-36767000,-34238000,2529000,,,,,217703000.0,236161000.0,63179000.0,0.0,15971000.0,-18458000.0,-378948000.0,171202000,59614000.0,1.0,12261000.0,-6725000,3445000,0.0,0.0,-37493000,,-107.74853423560712,,-3280000,-12.794506447069022,15971000.0,inf,41.13955110158328,0.0,,,
