ticker,fiscalDateEnding,totalRevenue,grossProfit,operatingIncome,researchAndDevelopment,operatingExpenses,netIncome,ebit,ebitda,depreciationAndAmortization,reportedEPS,estimatedEPS,surprise,surprisePercentage,totalAssets,totalLiabilities,cashAndCashEquivalentsAtCarryingValue,shortTermDebt,longTermDebt,totalShareholderEquity,retainedEarnings,commonStockSharesOutstanding,currentNetReceivables,inventory,currentAccountsPayable,operatingCashflow,capitalExpenditures,dividendPayout,proceedsFromRepurchaseOfEquity,cashflowNetIncome,revenueGrowthPct,netIncomeMarginPct,epsSurprisePct,freeCashFlow,debtToEquityRatio,totalDebt,cashRatio,rdIntensityPct,buybackRatio,marketCap,peRatio,psRatio
DDOG,2025-06-30,826760000,660594000,-35500000,387482000,696094000,2647000,9162999,37961999,28799000,0.46,0.41,0.05,12.1951,5822415000.0,2626658000.0,489030000.0,39955000.0,981357000.0,3195757000.0,57337000.0,361289000,604174000.0,,198767000.0,200055000,3250000,,28578000.0,2647000,8.562371890072008,0.3201654651894141,12.195121951219525,203305000,0.8219204401335897,1021312000.0,12.239519459391817,46.867531085200056,-10.796373252738949,38107149699.63049,14396.354249954851,46.09215455468394
DDOG,2025-03-31,761553000,603722000,-12420000,341061000,616142000,24642000,34759000,60867000,26108000,0.46,0.42,0.04,9.5238,6010381000.0,3093707000.0,1079854000.0,669008000.0,980314000.0,2916674000.0,54690000.0,363078000,490172000.0,,98442000.0,271541000,27150000,,,24642000,3.2296499924769018,3.235756408286751,9.523809523809533,298691000,1.0606968759621405,1649322000.0,1.6141122378207735,44.78493289370537,,37677201537.7439,1528.9830994945173,49.47416862351523
DDOG,2024-12-31,737727000,593342000,9392000,316314000,583950000,45594000,56469000,86454000,29985000,0.13,0.1,0.03,30.0,5785339000.0,3070976000.0,1246983000.0,665993000.0,979282000.0,2714363000.0,30048000.0,360940000,598919000.0,,107731000.0,265228000,7761000,,21179000.0,45594000,6.914477345452852,6.180335001972274,30.0,272989000,1.1313799959695885,1645275000.0,1.872366526374902,42.87683655335917,-0.4645128745010308,46192150697.25122,1013.119066044901,62.61415225042762
DDOG,2024-09-30,690016000,552052000,20278000,291802000,531774000,51697000,57710000,71510000,13800000,0.46,0.4,0.06,15.0,4631471000.0,2002326000.0,337418000.0,772200000.0,,2629145000.0,-15546000.0,357635000,487064000.0,,92005000.0,228681000,19209000,,22507000.0,51697000,6.93297007960898,7.492145109678616,15.0,247890000,0.7615882729936919,772200000.0,0.4369567469567469,42.289164309233406,-0.435363754183028,37583452737.62073,726.9948495584024,54.467509068805256
DDOG,2024-06-30,645279000,521575000,12618000,274599000,508957000,43824000,49270000,61710000,12440000,0.43,0.36,0.07,19.4444,4412391000.0,2005083000.0,410963000.0,768535000.0,,2407308000.0,-67243000.0,356740000,533292000.0,1.0,115991000.0,164424000,20644000,,,43824000,5.566598446142601,6.791480894310833,19.444444444444446,185068000,0.8329150237526731,768535000.0,0.5347355683215468,42.55508082550339,,40570473352.0,925.759249543629,62.87276256007092
DDOG,2024-03-31,611253000,500950000,11996000,269988000,488954000,42631000,47559000,72298000,24739000,0.44,0.35,0.09,25.7143,4141466000.0,1939111000.0,282218000.0,23591000.0,743085000.0,2202355000.0,-111067000.0,355979000,451057000.0,,64316000.0,212270000,25523000,,,42631000,3.6638746101494313,6.974362498016369,25.71428571428572,237793000,0.8804715860976091,766676000.0,11.962951973210124,44.169599167611445,,40227807194.99512,943.6280452017339,65.81204050531468
DDOG,2023-12-31,589649000,484612000,27742000,253250000,456870000,53993000,58559000,81574000,23015000,0.44,0.44,0.0,0.0,3936072000.0,1910718000.0,330339000.0,21974000.0,742235000.0,2025354000.0,-153698000.0,352907000,509279000.0,,87712000.0,220226000,18936000,,17384000.0,53993000,7.6913664124368175,9.15680345425838,0.0,239162000,0.9433995242313196,764209000.0,15.033175571129515,42.94927999538709,-0.3219676624747652,37683665866.62561,697.9361373997668,63.90864033793937
DDOG,2023-09-30,547536000,444009000,-4230000,240225000,448239000,22630000,25603000,37212000,11609000,0.45,0.34,0.11,32.3529,3543302000.0,1736826000.0,261309000.0,18777000.0,741386000.0,1806476000.0,-207691000.0,351309000,400649000.0,39805000.0,85362000.0,152783000,14594000,,,22630000,7.473795783771053,4.13306157038076,32.35294117647059,167377000,0.9614442705023484,760163000.0,13.91644032593066,43.87382747435785,,31189158607.118286,1378.22176787973,56.96275424285944
DDOG,2023-06-30,509460000,407408000,-22006000,239494000,429414000,-3969000,618000,11168000,10550000,0.36,0.28,0.08,28.5714,3312173000.0,1662814000.0,291304000.0,18852000.0,740538000.0,1649359000.0,-230321000.0,322215000,333102000.0,37502000.0,48031000.0,153158000,11426000,,19986000.0,-3969000,5.759849205130019,-0.7790601813685077,28.57142857142855,164584000,1.008157714603067,759390000.0,15.4521536176533,47.00938248341381,5.035525321239607,30681623700.492676,-7730.3158731400035,60.22381286164306
DDOG,2023-03-31,481714000,381597000,-34970000,229478000,416567000,-24086000,-18243000,-7968000,10275000,0.28,0.24,0.04,16.6667,3139744000.0,1627645000.0,222548000.0,20397000.0,739692000.0,1512099000.0,-226352000.0,319286000,367046000.0,34858000.0,41598000.0,133787000,17450000,,2098000.0,-24086000,2.6235675832287697,-5.000062277617009,16.666666666666682,151237000,1.0764143088514706,760089000.0,10.910820218659609,47.63780998683866,0.0871045420576268,24183880577.004883,-1004.063795441538,50.20381507908195
DDOG,2022-12-31,469399000,372434000,-34628000,218656000,407062000,-29034000,-22835000,-4969000,17866000,0.26,0.19,0.07,36.8421,3004852000.0,1594347000.0,338985000.0,22092000.0,738847000.0,1410505000.0,-202266000.0,317348000,399551000.0,33054000.0,23474000.0,114441000,18090000,,26025000.0,-29034000,7.528869524182591,-6.185356168206579,36.8421052631579,132531000,1.1303377159244383,760939000.0,15.3442422596415,46.58211883706612,0.8963628848935731,24497453554.50244,-843.7505529552401,52.18897687149406
DDOG,2022-09-30,436533000,342726000,-31342000,205388000,374068000,-25985000,-19331000,-10018000,9313000,0.23,0.16,0.07,43.75,2797603000.0,1508164000.0,294815000.0,21751000.0,738003000.0,1289439000.0,-173232000.0,315990000,348830000.0,1.0,27625000.0,83618000,16518000,,1816000.0,-25985000,7.483909410101974,-5.952585486091544,43.75000000000001,100136000,1.1696280320356371,759754000.0,13.554089467150936,47.049822121122574,0.0698864729651722,32976845205.620728,-1269.0723573454195,75.54261695134326
DDOG,2022-06-30,406138000,324007000,-3139000,177699000,327146000,-4879000,4530000,12648000,8118000,0.24,0.15,0.09,60.0,2654487000.0,1439367000.0,238859000.0,22357000.0,737160000.0,1215120000.0,-147247000.0,314795000,305501000.0,,47650000.0,72960000,12794000,,13557000.0,-4879000,11.874500729967233,-1.2013158089122418,60.0,85754000,1.1845472052142998,759517000.0,10.683857404839648,43.75335477103842,2.778643164582906,30836792257.25122,-6320.309952295803,75.92688262918324
DDOG,2022-03-31,363030000,288365000,10414000,150608000,277951000,9738000,16101000,23495000,7394000,0.24,0.11,0.13,118.1818,2529015000.0,1412158000.0,271686000.0,20320000.0,736318000.0,1116857000.0,-142368000.0,345668000,275342000.0,,18629000.0,147388000,17487000,,4245000.0,9738000,11.29130160209444,2.682422940252872,118.1818181818182,164875000,1.2644035897164991,756638000.0,13.370374015748032,41.48637853620913,-0.4359211337030191,48965813929.49756,5028.323467806281,134.88090221055438
DDOG,2021-12-31,326198000,258841000,8455000,133049000,250386000,7169000,14136000,21012000,6876000,0.2,0.11,0.09,81.8182,2380794000.0,1339591000.0,270973000.0,20157000.0,735482000.0,1041203000.0,-152106000.0,345877000,268824000.0,-6768000.0,25270000.0,115793000,9110000,,20278000.0,7169000,20.596107775575987,2.19774492792721,81.81818181818183,124903000,1.2865800425085214,755639000.0,13.443121496254404,40.78780372657098,-2.8285674431580414,57577745286.74878,8031.489090075154,176.5116441141539
DDOG,2021-09-30,270488000,207156000,-4895000,112675000,212051000,-5484000,145000,6342000,6197000,0.13,0.06,0.07,116.6667,2194173000.0,1236761000.0,286966000.0,19425000.0,734643000.0,957412000.0,-159275000.0,310247000,224602000.0,1.0,34654000.0,67379000,10296000,,4489000.0,-5484000,15.816381144856106,-2.027446688947384,116.66666666666669,77675000,1.291775118757651,754068000.0,14.773024453024451,41.65619177190855,0.8185630926331146,44546703997.7439,-8123.031363556509,164.690130422584
DDOG,2021-06-30,233549000,176451000,-9886000,94779000,186337000,-9362000,-4594000,869000,5463000,0.09,0.03,0.06,200.0,2076733000.0,1163854000.0,247442000.0,16626000.0,733805000.0,912879000.0,-153791000.0,308019000,188326000.0,1.0,29257000.0,51723000,9438000,,9794000.0,-9362000,17.627890344448982,-4.00858064046517,200.0,61161000,1.2749269070709262,750431000.0,14.882834115241188,40.5820620084008,1.0461439863277078,29433798585.743896,-3143.9648136876626,126.0283648645205
DDOG,2021-03-31,198549000,151883000,-12830000,79266000,164713000,-13068000,-7057000,-2655000,4402000,0.06,0.03,0.03,100.0,1952074000.0,1110744000.0,369706000.0,16626000.0,732968000.0,841330000.0,-144429000.0,306034000,154111000.0,1.0,12065000.0,51650000,7181000,,-245000.0,-13068000,11.839059093904725,-6.581750600607407,100.0,58831000,1.320223931156621,749594000.0,22.236617346325033,39.92263874408836,-0.0187480869299051,30843259052.492676,-2360.2126608886347,155.34331098364976
DDOG,2020-12-31,177531000,136675000,-8938000,67698000,145613000,-16160000,-2157000,5025000,7182000,0.06,0.02,0.04,200.0,1890285000.0,932853000.0,224927000.0,16326000.0,575864000.0,957432000.0,-148163000.0,304057000,171195000.0,7836000.0,21342000.0,23828000,7176000,19828000.0,15438000.0,-16160000,14.7767900436399,-9.102635596036748,199.99999999999991,31004000,0.974328202942872,592190000.0,13.77722650986157,38.133058451763354,0.9553217821782178,31822768890.995117,-1969.2307482051433,179.25189905422218
DDOG,2020-09-30,154675000,120691000,-9267000,56440000,129958000,-15150000,-2132000,1840000,3972000,0.05,0.01,0.04,400.0,1814284000.0,878096000.0,198523000.0,15058000.0,567683000.0,936188000.0,-132003000.0,302554000,120992000.0,,21199000.0,36270000,7629000,,-118000.0,-15150000,10.47267377081964,-9.794730887344432,400.0,43899000,0.9379483607993266,582741000.0,13.183888962677646,36.4894132859221,-0.0077887788778877,30342188474.74878,-2002.7847178052,196.16737336187992
DDOG,2020-06-30,140012000,111134000,654000,45664000,110480000,284000,5120000,8827000,3707000,0.05,0.01,0.04,400.0,1783706000.0,870835000.0,206202000.0,14524000.0,559621000.0,912871000.0,-116853000.0,330847000,124078000.0,1.0,18010000.0,24738000,6135000,,-268000.0,284000,6.677435084725092,0.2028397565922921,400.0,30873000,0.953951872718051,574145000.0,14.197328559625449,32.61434734165643,0.943661971830986,23039501988.881714,81125.00700310462,164.55376674057734
DDOG,2020-03-31,131248000,104769000,3778000,40824000,100991000,6479000,6674000,10362000,3688000,0.06,-0.02,0.08,400.0,1066656000.0,263761000.0,194350000.0,13436000.0,,802895000.0,-117137000.0,327801000,108437000.0,,14205000.0,24255000,4943000,,2813000.0,6479000,15.490479039808536,4.936456174570279,400.0,29198000,0.3285124455875301,13436000.0,14.464870497171775,31.10447397293673,-0.4341719401142151,14595672778.871948,2252.7662878332994,111.20682051438459
DDOG,2019-12-31,113644000,87920000,-2266000,35894000,90186000,891000,1252000,4846000,3594000,0.03,-0.02,0.05,250.0,1038041000.0,255700000.0,597297000.0,11916000.0,,782341000.0,-123616000.0,121874500,104972000.0,2578000.0,15429000.0,17430000,6572000,,-1749000.0,891000,18.54710840357172,0.7840273133645419,250.0,24002000,0.3268395750702059,11916000.0,50.12562940584088,31.58459751504699,1.962962962962963,12213166802.50244,13707.257915266486,107.46864596901236
DDOG,2019-09-30,95864000,72567000,-4218000,28684000,76785000,-4161000,-4128000,2979000,7107000,0.01,-0.14,0.15,107.1429,1006753000.0,235518000.0,760945000.0,10222000.0,,771235000.0,-124507000.0,311628000,90953000.0,1.0,18992000.0,3824000,7484000,,715965000.0,-4161000,15.190694768210331,-4.340524075774013,107.14285714285714,11308000,0.3053777383028519,10222000.0,74.44189004108785,29.921555537010764,172.06560922855084,10962109523.312803,-2634.4891908946897,114.350637604448
DDOG,2019-06-30,83222000,62244000,-3994000,24032000,66238000,-3949000,-3668000,1190000,4858000,-0.03,-0.06,0.03,50.0,261759000.0,200230000.0,52286000.0,9626000.0,0.0,61529000.0,-120346000.0,246132000,69703000.0,1.0,23529000.0,-438000,5094000,0.0,5197000.0,-3949000,18.80371163454675,-4.745139506380525,50.0,4656000,3.254237839067757,9626000.0,5.431747350924579,28.876979644805463,1.3160293745251963,,,
DDOG,2019-03-31,70050000,51100000,-9662000,22815000,60762000,-9491000,-9432000,-5021000,4411000,,,,,255480000.0,196239000.0,54554000.0,-77757000.0,0.0,59241000.0,-116397000.0,246132000,63332000.0,0.0,27702000.0,3418000,4293000,0.0,1776000.0,-9491000,13.699074825515334,-13.54889364739472,,7711000,3.3125538056413633,-77757000.0,-0.7015959977879805,32.569593147751604,0.1871246443999578,,,
DDOG,2018-12-31,61610000,45771000,-6674000,17720000,52445000,-6587000,-6674000,-6493000,1787000,,,,,179750000.0,255791000.0,53639000.0,20419000.0,0.0,-76041000.0,-106906000.0,246132000,56348000.0,1.0,12638000.0,-4555000,3093000,0.0,7782000.0,-6587000,20.62889141246036,-10.691446193799708,,-1462000,-3.3638563406583293,20419000.0,2.6269161075468928,28.76156468105827,1.1814179444360102,,,
DDOG,2018-09-30,51074000,38976000,-4635000,14159000,43611000,-4673000,-4635000,-4324000,1743000,,,,,179750000.0,114986000.0,53639000.0,0.0,0.0,-76041000.0,-106906000.0,246132000,56348000.0,0.0,12638000.0,4749000,3610000,0.0,0.0,-4673000,11.81312666929375,-9.14946939734503,,8359000,-1.5121579148091162,0.0,inf,27.722520264713943,0.0,,,
DDOG,2018-06-30,45678000,36228000,123000,12426000,36105000,153000,151000,1622000,1471000,,,,,,,,,,,,81528000,,,,5273000,4517000,,,153000,15.014478156867671,0.3349533692368317,,9790000,,0.0,,27.20346775252857,,,,
DDOG,2018-03-31,39715000,30573000,153000,10871000,30420000,345000,426001,1451000,1024999,,,,,,,-60024000.0,,,65104000.0,,74433000,,,,5362000,2031000,,,345000,,0.8686894120609341,,7393000,,0.0,,27.37252927105628,,,,
