ticker,fiscalDateEnding,totalRevenue,grossProfit,operatingIncome,researchAndDevelopment,operatingExpenses,netIncome,ebit,ebitda,depreciationAndAmortization,reportedEPS,estimatedEPS,surprise,surprisePercentage,totalAssets,totalLiabilities,cashAndCashEquivalentsAtCarryingValue,shortTermDebt,longTermDebt,totalShareholderEquity,retainedEarnings,commonStockSharesOutstanding,currentNetReceivables,inventory,currentAccountsPayable,operatingCashflow,capitalExpenditures,dividendPayout,proceedsFromRepurchaseOfEquity,cashflowNetIncome,revenueGrowthPct,netIncomeMarginPct,epsSurprisePct,freeCashFlow,debtToEquityRatio,totalDebt,cashRatio,rdIntensityPct,buybackRatio,marketCap,peRatio,psRatio
FICO,2025-06-30,536415000,448844000,262518000,47212000,186326000,181789000,269890000,273871000,3981000,8.57,7.7,0.87,11.2987,1862023000,3259469000,189049000,399345000,2380209000,-1397446000,4397802000,24575000,454106000,,29336000,286223000,9984000,,-486782000,181789000,7.555114439532007,33.889619044955865,11.2987012987013,296207000,-2.3324471929505686,2779554000,0.47339768871527127,8.80139444273557,2.6777307757895144,43877722084.11719,241.36621073946822,81.79808932285113
FICO,2025-03-31,498735000,411105000,245648000,45037000,165457000,162615000,244394000,247809000,3415000,7.81,7.44,0.37,4.9731,1835753000,2959805000,146641000,15000000,2513179000,-1124052000,4216013000,24685000,492542000,,24059000,74918000,9427000,,-217157000,162615000,13.35710778965742,32.60549189449306,4.973118279569881,84345000,-2.633156651115785,2528179000,9.776066666666667,9.030246523704974,1.3354057128801156,44972291141.82422,276.5568437218228,90.1727192633848
FICO,2024-12-31,439968000,352623000,179528000,45145000,173095000,152528000,179617000,183152000,3535000,5.79,6.08,-0.29,-4.7697,1706608000,2844772000,184254000,15000000,2406100000,-1138164000,4053398000,24827000,350924000,,23190000,193997000,7171000,,-162581000,152528000,-3.0499615476995867,34.6679758527893,-4.769736842105264,201168000,-2.499439448093596,2421100000,12.2836,10.260973525347298,1.0659092101122416,47841926458.543945,313.65996052229065,108.73955937373614
FICO,2024-09-30,453809000,364235000,197178000,44208000,167057000,135691000,199898000,203713000,3815000,6.54,6.39,0.15,2.3474,1717884000,2680563000,150667000,26555000,2194021000,-962679000,3900870000,25079000,426642000,,22473000,226478000,7123000,,-323531000,135691000,1.3308056956697456,29.90046473296034,2.3474178403755928,233601000,-2.784482678026632,2220576000,5.673771417812088,9.741543248371011,2.3843217309917386,41532806335.94141,306.083722103466,91.5204553808792
FICO,2024-06-30,447849000,359349000,190251000,44217000,169373000,126256000,194186000,198020000,3834000,6.25,6.32,-0.07,-1.1076,1708831000,2538137000,156043000,28055000,2104943000,-829306000,3765179000,25015000,437637000,1.0,22489000,213331000,7645000,,-254698000,126256000,3.2364473766104407,28.191644951758292,-1.1075949367088653,220976000,-3.060555452390312,2132998000,5.5620388522545,9.873193866682744,2.017314028640223,30963037273.338867,245.24012540662517,69.13722543388255
FICO,2024-03-31,433809000,346588000,194841000,40880000,152022000,129799000,198827000,202181000,3354000,6.14,5.81,0.33,5.6799,1703117000,2438777000,135667000,29586000,2028652000,-735660000,3638923000,25154000,469025000,1.0,18835000,71035000,9422000,,-171769000,129799000,13.545028385668179,29.92077158380762,5.6798623063683324,80457000,-3.315087132642797,2058238000,4.5855134185087545,9.423502048136392,1.323346096657139,29995208222.543945,231.08967112646434,69.14381265152163
FICO,2023-12-31,382059000,298598000,151359000,42635000,147239000,121065000,154752000,157576000,2824000,4.81,5.06,-0.25,-4.9407,1593518000,2319283000,160421000,168641000,1808655000,-725765000,3509124000,25219000,367478000,,18584000,122120000,1361000,170000000.0,-71704000,121065000,-1.9690403430040582,31.687514232095044,-4.940711462450594,123481000,-3.195639084276591,1977296000,0.9512574047829413,11.15927121203793,0.5922768760583158,26106375679.57324,215.6393315952029,68.33074388922454
FICO,2023-09-30,389733000,306901000,165699000,41596000,141202000,101424000,164769000,167765000,2996000,5.01,5.21,-0.2,-3.8388,1575281000,2263271000,136778000,66336000,1811658000,-687990000,3388059000,25273000,387947000,1.0,19009000,164049000,1068000,20203000.0,-120368000,101424000,-2.246117264627978,26.023970256560258,-3.838771593090214,165117000,-3.289685896597334,1877994000,2.0618970091654605,10.672947889965695,1.1867802492506705,20847896048.91211,205.55190141299997,53.492765685513184
FICO,2023-06-30,398688000,326842000,177031000,41455000,149811000,128758000,182332000,185680000,3348000,5.66,5.25,0.41,7.8095,1584569000,2288545000,163022000,132713000,1814660000,-703976000,3286635000,25337000,384024000,1.0,16787000,122622000,792000,398000.0,-100868000,128758000,4.844503584333082,32.295429007143426,7.809523809523812,123414000,-3.250884973351364,1947373000,1.2283800381273877,10.397854964282848,0.7833920999083552,18906959311.30127,146.8410453043793,47.422945539623136
FICO,2023-03-31,380266000,300460000,159761000,40266000,140699000,101550000,161366000,165380000,4014000,4.78,5.04,-0.26,-5.1587,1502431000,2273224000,137771000,124972000,1817663000,-770793000,3157877000,25419000,338239000,,13915000,89804000,1527000,13222000.0,-109286000,101550000,10.263577579957662,26.704990717024398,-5.158730158730155,91331000,-2.9492016663358385,1942635000,1.102414940946772,10.588903556983796,1.0761792220580995,16259836889.456057,160.1165621807588,42.759113066790235
FICO,2022-12-31,344870000,268301000,140339000,36633000,127962000,97643000,140703000,144983000,4280000,4.26,4.18,0.08,1.9139,1458693000,2260788000,139856000,118360000,1820666000,-802095000,3056327000,25443000,308234000,,16838000,92440000,850000,,-75004000,97643000,-1.1119777030979439,28.31298750253719,1.913875598086126,93290000,-2.818603781347596,1939026000,1.1816154106116932,10.622263461594224,0.7681451819382854,14368108818.69873,147.14939953400378,41.662391100121006
FICO,2022-09-30,348748000,266262000,134156000,35511000,132106000,90699000,133950000,138596000,4646000,4.4,4.12,0.28,6.7961,1442034000,2243981000,133202000,49369000,1823669000,-801947000,2958684000,25573000,322410000,1.0,17273000,144826000,797000,,-56153000,90699000,-0.06247026930989996,26.00703086469313,6.796116504854374,145623000,-2.798166212979162,1873038000,2.6980898944681884,10.182423985227155,0.6191137719269231,10787242859.89331,118.93452915570525,30.931339706301713
FICO,2022-06-30,348966000,270275000,140615000,35880000,129660000,93500000,139615000,144778000,5163000,4.47,3.98,0.49,12.3116,1456836000,2304308000,155062000,130000000,1826671000,-847472000,2867985000,25867000,286341000,1.0,17399000,117140000,1939000,,-287166000,93500000,-2.303783647587454,26.7934411948442,12.311557788944718,119079000,-2.719037325126966,1956671000,1.1927846153846153,10.281803957978715,3.0712941176470587,9623065543.89331,102.92048710046322,27.57594018870982
FICO,2022-03-31,357195000,285401000,152057000,36387000,133344000,104383000,149696000,155125000,5429000,4.68,3.73,0.95,25.4692,1486485000,2149901000,174219000,130000000,1664674000,-663416000,2774485000,26421000,273356000,,16828000,122603000,2398000,,-278106000,104383000,10.805897735768276,29.222973445876903,25.469168900804284,125001000,-3.2406529236557455,1794674000,1.3401461538461539,10.186872716583379,2.6642844141287374,11310282729.242676,108.35368526716684,31.664168673253197
FICO,2021-12-31,322361000,253158000,115586000,38980000,137572000,84959000,117015000,122242000,5227000,3.7,3.36,0.34,10.119,1463310000,2001609000,162157000,65000000,1568292000,-538299000,2670102000,27524000,260161000,1.0,20422000,124881000,895000,550000.0,-482755000,84959000,-3.6511774569082722,26.35523527970195,10.11904761904763,125776000,-3.718396281620438,1633292000,2.494723076923077,12.092033465586718,5.682211419625937,9558256112.21338,112.50433870706318,29.65078316611929
FICO,2021-09-30,334577000,262216000,115185000,41142000,147031000,85720000,115956000,121482000,5526000,3.92,3.13,0.79,25.2396,1567776000,1678718000,195354000,272074000,1009018000,-110942000,2585143000,28531000,312107000,1.0,20749000,91755000,1777000,20881000.0,-332974000,85720000,-1.0665791403496327,25.620410249359637,25.23961661341853,93532000,-15.131492131023418,1281092000,0.718017892191095,12.29672093419452,3.8844377041530564,11035440575.029297,128.73822416039778,32.98326117763414
FICO,2021-06-30,338184000,255944000,194384000,45826000,61560000,151198000,197910000,204275000,6365000,3.38,2.76,0.62,22.4638,1589155000,1464317000,237612000,250000000,806622000,124838000,2499423000,29195000,280598000,,19639000,100592000,1572000,,-290849000,151198000,2.059083597647282,44.70879757765004,22.463768115942035,102164000,11.729737740111185,1056622000,0.950448,13.550611501431172,1.9236299421950025,12147290096.757324,80.34028291880398,35.91917446347942
FICO,2021-03-31,331361000,243028000,101199000,43612000,141829000,68674000,101767000,108442000,6675000,3.06,2.6,0.46,17.6923,1579608000,1356305000,197836000,225000000,740226000,223303000,2348225000,29531000,264804000,48843000.0,19767000,153523000,1175000,,-200345000,68674000,6.064709007918978,20.724828812081082,17.69230769230769,154698000,6.073832416044567,965226000,0.8792711111111111,13.161476456191284,2.9173340711186184,10982872509.78662,159.9276656345432,33.1447349259165
FICO,2020-12-31,312414000,222886000,94721000,40651000,128165000,86492000,97601000,104627000,7026000,2.74,2.27,0.47,20.7048,1576863000,1252742000,144662000,131000000,739831000,324121000,2279551000,29789000,310626000,,21749000,77947000,3045000,116000000.0,-50011000,86492000,-16.5462821485431,27.685058928217043,20.704845814977983,80992000,3.8650442273101713,870831000,1.1042900763358778,13.011900875120833,0.5782153262729501,11348448454.378662,131.20807073924365,36.32503170273631
FICO,2020-09-30,374356000,280680000,85490000,46706000,195190000,59126000,86365000,93183000,6818000,3.25,2.32,0.93,40.0862,1606240000,1275158000,157394000,95000000,739435000,331082000,2193059000,29833000,334180000,1.0,23033000,136186000,916000,43974000.0,-25223000,59126000,19.32387937436848,15.794056993877486,40.08620689655174,137102000,3.8514869428117504,834435000,1.6567789473684211,12.476359401211681,0.4265974359841694,10210675306.485352,172.6934902832147,27.275308280047206
FICO,2020-06-30,313731000,225162000,82871000,41411000,142291000,64076000,87431000,95445000,8014000,2.58,2.16,0.42,19.4444,1564120000,1316834000,125673000,188000000,739039000,247286000,2133933000,29744000,303558000,,19816000,106871000,7907000,,-61992000,64076000,1.8703059703673475,20.423866305848005,19.44444444444444,114778000,5.32514578261608,927039000,0.6684734042553192,13.199524433352138,0.9674761221050003,9665071941.89331,150.83762940716198,30.806875769029233
FICO,2020-03-31,307971000,219832000,75726000,39439000,144106000,58288000,73718000,81397000,7679000,2.14,1.76,0.38,21.5909,1552132000,1337981000,108966000,209000000,738632000,214151000,2069857000,29985000,307307000,1.0,25306000,61494000,6666000,,-87999000,58288000,3.171481789188757,18.926457361245053,21.590909090909097,68160000,6.247839141540315,947632000,0.5213684210526316,12.806075896756514,1.509727559703541,9026094736.378662,154.853395834111,29.30826193498304
FICO,2019-12-31,298504000,207746000,51882000,38943000,155864000,54921000,51663000,59519000,7856000,1.8,1.86,-0.06,-3.2258,1545038000,1304077000,111216000,180000000,738259000,240961000,2011569000,30169000,281640000,,32474000,60365000,6500000,5091000.0,-60009000,54921000,-2.240096415845738,18.398748425481738,-3.2258064516129057,66865000,5.411983682006632,918259000,0.6178666666666667,13.046056334253478,1.0926421587370951,8827344494.0,160.72803652519073,29.571947089486237
FICO,2019-09-30,305344000,217348000,70287000,39396000,147061000,54584000,70845000,78723000,7878000,2.01,1.68,0.33,19.6429,1433448000,1143681000,106426000,218000000,606790000,289767000,1956648000,30290000,297427000,,23118000,95414000,5811000,22788000.0,-49968000,54584000,-2.833740123278039,17.876231398029763,19.642857142857135,101225000,3.9468987151746058,824790000,0.48819266055045873,12.902169356529031,0.9154330939469442,8339350489.834717,152.78012769006884,27.31132915608205
FICO,2019-06-30,314249000,227034000,85708000,36972000,141326000,64152000,88165000,96113000,7948000,2.5,1.88,0.62,32.9787,1373798000,1105481000,78808000,218000000,604582000,268317000,1902064000,30292000,318044000,,19611000,68290000,7526000,,-59203000,64152000,12.944140543571248,20.414384771311923,32.97872340425533,75816000,4.120055754946574,822582000,0.3615045871559633,11.765192570222977,0.9228550941513904,7102681663.893311,110.7164494309345,22.60208199196596
FICO,2019-03-31,278234000,192666000,48549000,37684000,144117000,33381000,49982000,57801000,7819000,1.56,1.63,-0.07,-4.2945,1328111000,1080633000,76885000,218000000,604369000,247478000,1837912000,30259000,271632000,,16249000,47789000,4170000,,-37023000,33381000,6.09252028552254,11.997455379285062,-4.294478527607352,51959000,4.366582080023274,822369000,0.35268348623853213,13.543995342050216,1.1091039813067314,5948586205.728027,178.2027562304313,21.379796163402126
FICO,2018-12-31,262256000,186190000,49004000,35426000,137186000,40007000,46832000,54799000,7967000,1.45,1.42,0.03,2.1127,1305626000,1077731000,79896000,228000000,604157000,227895000,1804531000,30336000,247566000,1.0,20387000,48857000,6474000,103000000.0,-82700000,40007000,-6.267178000721962,15.254941736318711,2.1126760563380302,55331000,4.729068211237632,832157000,0.35042105263157897,13.5081752181075,2.067138250806109,4625744708.917358,115.62338363079857,17.63827980643859
FICO,2018-09-30,279791000,200360000,70078000,34407000,130282000,50480000,81022000,88875000,7853000,1.89,2.02,-0.13,-6.4356,1255079000,991342000,90023000,320365000,528944000,263737000,1740810000,30702000,266742000,1.0,20251000,59963000,7079000,53508000.0,-113056000,50480000,7.817190420223108,18.042038521610774,-6.435643564356441,67042000,3.7588279232720474,849309000,0.2810013578262295,12.297393411510734,2.239619651347068,5486035652.053345,108.67740990596958,19.607620159523876
FICO,2018-06-30,259505000,181115000,44537000,32483000,131445000,32361000,46125000,53359000,7234000,1.51,1.63,-0.12,-7.362,1287070000,992426000,119929000,202000000,556713000,294644000,1690330000,31161000,182419000,1.0,25509000,85079000,13109000,0.0,-104825000,29721000,0.6387236385917872,12.470279956070211,-7.361963190184043,98188000,3.3682206323563353,758713000,0.5937079207920792,12.517292537716038,3.2392385896603937,4417392784.378662,136.50359334936073,17.022380240760917
FICO,2018-03-31,257858000,179339000,46439000,32519000,130328000,32275000,46278000,53642000,7364000,1.54,1.37,0.17,12.4088,1290895000,920192000,107868000,191000000,512868000,370703000,1657969000,31300000,188538000,1.0,23539000,49233000,7067000,0.0,-69452000,31169000,9.577130812804647,12.51657889225853,12.408759124087585,56300000,2.482289056198628,703868000,0.5647539267015707,12.611204616494351,2.1518822618125486,4079181359.242676,126.38826829566773,15.819487311786625
FICO,2017-12-31,235321000,160962000,36825000,28974000,121104000,27299000,37338000,45069000,7731000,1.3,1.09,0.21,19.2661,1240845000,855203000,94213000,201000000,462834000,385642000,1625694000,31561000,164660000,0.0,19201000,28777000,4044000,79000000.0,-55263000,32879000,-7.063051677494525,11.600749614356559,19.266055045871553,32821000,2.2176085592336934,663834000,0.46872139303482585,12.312543291928897,2.0243598666617824,3677360025.9466553,134.7067667660594,15.626994726125824
FICO,2017-09-30,253205000,178003000,60803000,30226000,117200000,40044000,60589000,69376000,8787000,1.65,1.69,-0.04,-2.3669,1255620000,829083000,105618000,142000000,462801000,426537000,1598395000,31963000,168586000,1.0,19510000,54221000,5036000,78888000.0,-71288000,40044000,9.619197700293514,15.814853577141053,-2.3668639053254457,59257000,1.9437540002391351,604801000,0.7437887323943662,11.937363006259751,1.7802417340924983,3378754486.7039795,84.37604851423383,13.343948526703578
FICO,2017-06-30,230986000,161193000,41429000,27839000,119764000,25227000,41984000,51175000,9191000,1.16,1.38,-0.22,-15.942,1258354000,825599000,130667000,224000000,387767000,432755000,1562188000,32224000,140265000,1.0,16673000,72026000,5188000,1238000.0,-41694000,25227000,1.1419663890567477,10.921441126302026,-15.942028985507244,77214000,1.907774606879181,611767000,0.5833348214285714,12.052245590641856,1.6527530027351647,3252015212.3253174,128.91010474195573,14.078841195246973
FICO,2017-03-31,228378000,156247000,40041000,26663000,116206000,25084000,39714000,48892000,9178000,1.05,1.1,-0.05,-4.5455,1247068000,819967000,115848000,107000000,518720000,427101000,1536961000,32260000,141394000,1.0,18692000,66419000,5285000,620000.0,-44205000,25084000,3.997267759562839,10.983544824807993,-4.545454545454549,71704000,1.9198433157496704,625720000,1.0826915887850468,11.674942420022944,1.7622787434221017,3094795221.2059326,123.37726125043584,13.551196793062084
FICO,2016-12-31,219600000,149603000,34927000,26142000,114676000,37901000,34827000,43885000,9058000,0.5,0.64,-0.14,-21.875,1224398000,802492000,88101000,102000000,518672000,421906000,1512497000,32536000,155714000,0.0,22417000,32978000,4319000,618000.0,-30442000,37901000,-6.879706900061066,17.25910746812386,-21.875000000000004,37297000,1.9020634928159352,620672000,0.863735294117647,11.904371584699454,0.803197804807261,2861275828.152893,75.49341252613105,13.02948919923904
FICO,2016-09-30,235824000,161526000,44915000,27773000,116611000,32104000,44672000,53178000,8506000,0.89,0.75,0.14,18.6667,1221052000,774224000,75926000,77000000,494000000,446828000,1475214000,32221000,167786000,0.0,22952000,23606000,9428000,620000.0,-42278000,32104000,-1.2371323991322458,13.613542302734242,18.666666666666668,33034000,1.7327114683949976,571000000,0.9860519480519481,11.77700318881878,1.3169075504610017,3038366155.2960815,94.64135793969852,12.884041299002991
FICO,2016-06-30,238778000,172394000,55319000,26417000,117075000,34987000,57071000,65030000,7959000,1.08,0.72,0.36,50.0,1226712000,798671000,118155000,85000000,516000000,428041000,1443730000,32313000,155196000,1.0,21096000,83299000,4734000,624000.0,-30394000,34987000,15.531406342232845,14.652522426689227,50.000000000000014,88033000,1.8658749979558034,601000000,1.3900588235294118,11.063414552429453,0.8687226684196987,2672946606.5950317,76.39827954940498,11.194275044581293
FICO,2016-03-31,206678000,144380000,38524000,24848000,105856000,23116000,38959000,46686000,7727000,0.72,0.71,0.01,1.4085,1214941000,789561000,85374000,95000000,516000000,425380000,1409367000,32262000,155207000,0.0,20587000,37776000,3513000,623000.0,-41427000,23116000,3.299746096483336,11.184547944144999,1.4084507042253533,41289000,1.8561309887629884,611000000,0.8986736842105263,12.0225665044175,1.7921353175289843,2386781866.02063,103.25237350841971,11.54831121851687
FICO,2015-12-31,200076000,137883000,30834000,24631000,107049000,19241000,30500000,37941000,7441000,0.59,0.45,0.14,31.1111,1215250000,793082000,90710000,103000000,516000000,422168000,1386874000,32436000,139078000,0.0,21595000,40550000,4294000,622000.0,-28382000,19241000,-14.040454381412292,9.616845598672505,31.1111111111111,44844000,1.8785933561994277,619000000,0.8806796116504855,12.310821887682682,1.475079257834832,2258712860.301819,117.39061692748916,11.289274377245741
FICO,2015-09-30,232756000,165714000,41172000,26236000,124542000,33319000,41284000,49080000,7796000,0.86,1.15,-0.29,-25.2174,1230163000,793165000,86120000,92000000,516000000,436998000,1368255000,32494000,158773000,1.0,19852000,46577000,6733000,626000.0,8626000,33319000,11.17182350524919,14.314990805822406,-25.21739130434782,53310000,1.8150311900740965,608000000,0.9360869565217391,11.27188987609342,-0.25889132326900566,2051299311.1090696,61.56545247783756,8.81308886176541
FICO,2015-06-30,209366000,143164000,37054000,25610000,106110000,19906000,37824000,46870000,9046000,0.62,0.72,-0.1,-13.8889,1216127000,819465000,84358000,72000000,576000000,396662000,1335562000,32363000,147304000,1.0,26386000,43118000,8015000,622000.0,-30006000,19906000,1.0897643269969004,9.507751975010269,-13.888888888888888,51133000,2.0659024559952806,648000000,1.171638888888889,12.232167591681552,1.5073847081282026,2120098486.2095337,106.50550016123448,10.126278795074338
FICO,2015-03-31,207109000,136118000,34399000,24341000,101719000,18870000,33751000,42691000,8940000,0.58,0.56,0.02,3.5714,1236651000,855489000,86841000,82000000,576000000,381162000,1316278000,32448000,169932000,0.0,38418000,41922000,4584000,625000.0,-41105000,18870000,,9.111144373252731,3.5714285714285547,46506000,2.244423630897099,658000000,1.0590365853658537,11.752748552694475,2.1783253842077372,2039569619.284729,108.08530043904234,9.847807769265117
