ticker,fiscalDateEnding,totalRevenue,grossProfit,operatingIncome,researchAndDevelopment,operatingExpenses,netIncome,ebit,ebitda,depreciationAndAmortization,reportedEPS,estimatedEPS,surprise,surprisePercentage,totalAssets,totalLiabilities,cashAndCashEquivalentsAtCarryingValue,shortTermDebt,longTermDebt,totalShareholderEquity,retainedEarnings,commonStockSharesOutstanding,currentNetReceivables,inventory,currentAccountsPayable,operatingCashflow,capitalExpenditures,dividendPayout,proceedsFromRepurchaseOfEquity,cashflowNetIncome,revenueGrowthPct,netIncomeMarginPct,epsSurprisePct,freeCashFlow,debtToEquityRatio,totalDebt,cashRatio,rdIntensityPct,buybackRatio,marketCap,peRatio,psRatio
PCOR,2025-06-30,323919000,256187000,-30267000,88902000,286454000,-21089000,-21202000,6035000,27237000,0.35,0.26,0.09,34.6154,2004101000.0,786502000.0,324262000.0,7234000.0,,1217599000.0,-1298871000.0,149830000,296575000.0,,20159000.0,30828000.0,2975000.0,,-3131000.0,-21089000.0,4.277408637873759,-6.510578261849413,34.615384615384606,33803000.0,0.6459450114528675,7234000.0,44.824716615980094,27.44575032647051,-0.14846602494191286,10088450168.158768,-478.3749901919848,31.144978121563625
PCOR,2025-03-31,310632000,245706000,-36245000,87609000,281951000,-32989000,-27410000,-555000,26855000,0.23,0.18,0.05,27.7778,1948714000.0,767067000.0,313734000.0,7150000.0,,1181647000.0,-1277782000.0,149998000,161578000.0,,22235000.0,66028000.0,4033000.0,,-100029000.0,-32989000.0,2.841932408094072,-10.619961884158748,27.77777777777779,70061000.0,0.6491507192926483,7150000.0,43.87888111888112,28.20346905663293,-3.032192549031495,11485243675.810822,-348.1537383919131,36.973794315494935
PCOR,2024-12-31,302048000,245214000,-66244000,89289000,311458000,-62291000,-60456000,-35830000,24626000,0.01,0.11,-0.1,-90.9091,2101371000.0,813018000.0,437722000.0,5974000.0,,1288353000.0,-1244793000.0,149203000,246472000.0,,33146000.0,29056000.0,28709000.0,,,-62291000.0,2.082903830880234,-20.622881131475793,-90.90909090909092,57765000.0,0.6310522038602774,5974000.0,73.27117509206562,29.561195571564785,,11253946624.765203,-180.66729743887888,37.258801994269795
PCOR,2024-09-30,295885000,240931000,-36497000,80791000,277428000,-26388000,-26253000,-2020000,24233000,0.24,0.22,0.02,9.0909,2018737000.0,733088000.0,439298000.0,,,1285649000.0,-1182502000.0,148135000,206136000.0,,25006000.0,39276000.0,16268000.0,,,-26388000.0,4.057718210496319,-8.918329756493232,9.090909090909086,55544000.0,0.5702085094765368,0.0,,27.304865065819488,,9269899861.060822,-351.2922487896325,31.32940115606003
PCOR,2024-06-30,284347000,236246000,-14776000,72308000,251022000,-6311000,-5349000,15494000,20843000,0.39,0.25,0.14,56.0,1967035000.0,711237000.0,356239000.0,1.0,,1255798000.0,-1156114000.0,146938942,158700000.0,,26951000.0,58695000.0,12092000.0,,0.0,-6311000.0,5.537286399334884,-2.2194712798095284,56.00000000000001,70787000.0,0.5663625837913422,1.0,356239000.0,25.429492837976138,0.0,10082442318.613152,-1597.5982124248378,35.4582334915197
PCOR,2024-03-31,269428000,223705000,-18906000,70599000,242611000,-10966000,-10224000,9827000,20051000,0.3,0.16,0.14,87.5,1878710000.0,685029000.0,427656000.0,1.0,,1193681000.0,-1149803000.0,145476006,138996000.0,,16446000.0,69145000.0,11603000.0,,,-10966000.0,3.609815375267744,-4.070104072331012,87.49999999999999,80748000.0,0.5738794535558495,1.0,427656000.0,26.203289932746408,,11719544078.689178,-1068.7164033092447,43.4978698527591
PCOR,2023-12-31,260041000,212210000,-37334000,74611000,249544000,-29519000,-28339000,-8649000,19690000,0.17,0.07,0.1,142.8571,1893568000.0,737958000.0,357790000.0,12418000.0,,1155610000.0,-1138837000.0,144074303,208544000.0,1.0,13177000.0,40743000.0,11750000.0,,,-29519000.0,4.8945774020096255,-11.351671467191712,142.85714285714286,52493000.0,0.6385874127084397,12418000.0,28.81220808503785,28.69201395164609,,9175278236.007605,-310.82618774374487,35.28396766666643
PCOR,2023-09-30,247907000,203782000,-50351000,72708000,254133000,-43847000,-43164000,-25431000,17733000,0.09,-0.05,0.14,280.0,1783001000.0,659250000.0,318318000.0,95130000.0,,1123751000.0,-1109318000.0,142828406,184770000.0,26656000.0,16911000.0,33674000.0,11215000.0,,,-43847000.0,8.476126299576435,-17.686874513426407,280.0,44889000.0,0.586651313324749,95130000.0,3.3461368653421633,29.32874021306377,,10145524165.902054,-231.38468232494935,40.92471840610412
PCOR,2023-06-30,228536000,186232000,-58729000,73216000,244961000,-52881000,-52068000,-34732000,17336000,0.02,-0.09,0.11,122.2222,1725952000.0,609517000.0,312518000.0,60090000.0,,1116435000.0,-1065471000.0,141238489,138377000.0,25655000.0,15539000.0,-11674000.0,11921000.0,,20223000.0,-52881000.0,7.02958890252241,-23.139024048727553,122.22222222222223,247000.0,0.5459493835288216,60090000.0,5.200832085205525,32.0369657296881,0.38242468939694785,9082158859.810822,-171.74710878785993,39.740604805417185
PCOR,2023-03-31,213526000,173324000,-69263000,80036000,242587000,-63447000,-62893000,-46019000,16874000,0.01,-0.12,0.13,108.3333,1711179000.0,606827000.0,328964000.0,,,1104352000.0,-1012590000.0,139646465,106188000.0,24220000.0,19451000.0,29275000.0,10124000.0,,3722000.0,-63447000.0,5.678213142096378,-29.71394584266085,108.33333333333334,39399000.0,0.5494869389470024,0.0,,37.483023144722424,0.058663136160890195,9406575287.05322,-148.25878744547765,44.05353580853489
PCOR,2022-12-31,202053000,161483000,-75202000,75413000,236685000,-71184000,-70928000,-54342000,16586000,-0.08,-0.14,0.06,42.8571,1740410000.0,623630000.0,296712000.0,10655000.0,,1116780000.0,-949143000.0,138415280,148683000.0,23600000.0,14282000.0,22692000.0,10977000.0,,13639000.0,-71184000.0,8.380670389263468,-35.23036035099702,42.85714285714286,33669000.0,0.5584179516108813,10655000.0,27.847207883622712,37.32337554997946,0.19160204540346146,7354941648.310822,-103.32296089445411,36.401051448435915
PCOR,2022-09-30,186429000,148650000,-71813000,71493000,220463000,-71205000,-70368000,-54465000,15903000,-0.09,-0.17,0.08,47.0588,1677304000.0,553003000.0,264622000.0,,,1124301000.0,-877959000.0,137180639,120349000.0,1.0,16277000.0,6587000.0,12768000.0,,4741000.0,-71205000.0,8.259922766470185,-38.19416507088489,47.05882352941177,19355000.0,0.4918638336175099,0.0,,38.34864747437362,0.06658240292114317,7764967926.288013,-109.05088022313059,41.651073203675466
PCOR,2022-06-30,172205000,135470000,-72302000,63822000,207772000,-73123000,-72514000,-57111000,15403000,-0.19,-0.17,-0.02,-11.7647,1661954000.0,515959000.0,563224000.0,,,1145995000.0,-806754000.0,135927677,101274000.0,1.0,21251000.0,-26955000.0,10528000.0,,18940000.0,-73123000.0,7.9546879309912555,-42.462762405272784,-11.764705882352935,-16427000.0,0.4502279678358108,0.0,,37.06164164803577,0.2590156311967507,6833772445.5,-93.45585445755782,39.68393743213031
PCOR,2022-03-31,159516000,126184000,-71137000,60254000,197321000,-71419000,-70520000,-55373000,15147000,-0.15,-0.17,0.02,11.7647,1672264000.0,507879000.0,586914000.0,,,1164385000.0,-733631000.0,134530010,79777000.0,,14408000.0,10284000.0,15157000.0,,6907000.0,-71419000.0,9.180509640459134,-44.772311241505555,11.764705882352951,25441000.0,0.43617789648612787,0.0,,37.77301336543042,0.09671095926854198,9396061836.818424,-131.56249508979997,58.903569778695704
PCOR,2021-12-31,146103000,116336000,-74450000,60671000,190786000,-50972000,-74413000,-61306000,13107000,-0.15,-0.15,0.0,0.0,1690657000.0,501368000.0,586108000.0,65907000.0,,1189289000.0,-662212000.0,132892072,113977000.0,17030000.0,15490000.0,-3575000.0,9051000.0,,,-50972000.0,10.692476702780507,-34.88771620021492,0.0,5476000.0,0.42156952599410236,65907000.0,8.89295522478644,41.526183582814866,,12730342133.606438,-249.75167020337514,87.13265390585023
PCOR,2021-09-30,131990000,109297000,-49557000,53447000,158854000,-50742000,-50159000,-42010000,8149000,-0.05,-0.07,0.02,28.5714,1541063000.0,419478000.0,1072098000.0,56063000.0,,1121585000.0,-611240000.0,131438987,74472000.0,15992000.0,8913000.0,15138000.0,8670000.0,,,-50742000.0,7.492466813258414,-38.44382150162891,28.571428571428577,23808000.0,0.37400464521190996,56063000.0,19.123093662486845,40.493219183271464,,13622486592.347946,-268.46570084639836,103.20847482648645
PCOR,2021-06-30,122790000,97297000,-149062000,88627000,246359000,-149719000,-149062000,-141243000,7819000,-0.08,-0.14,0.06,42.8571,1518147000.0,391485000.0,1060512000.0,42964000.0,,1126662000.0,-560498000.0,129786881,66782000.0,15324000.0,6513000.0,-3129000.0,5324000.0,,,-149719000.0,7.769137601151499,-121.93093900154737,42.85714285714286,2195000.0,0.34747333272978054,42964000.0,24.68373522018434,72.1777017672449,,13620233792.003357,-90.97197945486784,110.92298877761509
PCOR,2021-03-31,113938000,93579000,-12858000,34545000,106437000,-13732000,-13041000,-5740000,7301000,-0.15,-0.01,-0.14,-1400.0,835274000.0,372234000.0,413761000.0,32713000.0,,463040000.0,-501792000.0,128134774,56979000.0,14247000.0,5468000.0,28296000.0,4586000.0,,,-13732000.0,4.043466350105018,-12.052168723340765,-1399.9999999999998,32882000.0,0.8038916724257084,32713000.0,12.64821324855562,30.319120925415575,,,,
PCOR,2020-12-31,109510000,90436000,-21587000,35406000,112023000,-47431000,-48325000,-41229000,7096000,-0.4379,0.0,-0.4379,,820767000.0,1092869000.0,379907000.0,28492000.0,,-272102000.0,-397047000.0,117731615,77692000.0,13598000.0,9012000.0,11781000.0,2845000.0,,,-47431000.0,7.477598610279612,-43.312026298968135,-inf,14626000.0,-4.016394587323871,28492000.0,13.33381300014039,32.331293945758375,,,,
PCOR,2020-09-30,101891000,83828000,-16406000,34504000,100234000,-15953000,-15156000,-8655000,6501000,,,,,820767000.0,365395000.0,379907000.0,,,-272102000.0,-397047000.0,117731615,77692000.0,,9012000.0,11032000.0,3880000.0,,,-15953000.0,5.528569801041905,-15.656927500956904,,14912000.0,-1.3428603979390081,0.0,,33.86363859418398,,,,
PCOR,2020-06-30,96553000,79484000,-3139000,26518000,82623000,-13749000,-13003000,-6598000,6405000,,,,,,,,,,,,117731615,,,,-5598000.0,5012000.0,,,-13749000.0,4.565883665269621,-14.239847544871727,,-586000.0,,0.0,,27.46470850206622,,,,
PCOR,2020-03-31,92337000,74880000,-17398000,28233000,92278000,-19034000,-18616000,-12624000,5992000,,,,,,,-118452000.0,,,189139000.0,,117731615,,,,4638000.0,7229000.0,,,-19034000.0,8.762279441211817,-20.613621841731916,,11867000.0,,0.0,,30.576042106631146,,,,
PCOR,2019-12-31,84898000,69164000,-23489000,27179000,92653000,-23190000,-23489000,-23118000,371000,-0.7199,0.0,-0.7199,,503664000.0,757422000.0,118452000.0,33186000.0,,-253758000.0,-300824000.0,117731615,58244000.0,11919000.0,9436000.0,,,,,,11.467359907567886,-27.315131098494668,-inf,,-2.9848201830090084,33186000.0,3.5693364671849577,32.013710570331455,,,,
PCOR,2019-09-30,76164000,62120000,-23680000,24549000,85800000,-24297000,-23680000,-23846000,-166000,,,,,,,,,,,,117731615,,,,,,,,,13.04993172237725,-31.90089806207657,,,,0.0,,32.23176303765559,,,,
PCOR,2019-06-30,67372000,55324000,-20416000,19111000,75740000,-20406000,-20231000,-20238000,178000,,,,,,,,,,,,117731615,,,,,,,,,10.882159315339045,-30.288547170931544,,,,0.0,,28.366383660868017,,,,
PCOR,2019-03-31,60760000,49420000,-15039000,16183000,64459000,-15214000,-14854000,-14904000,135000,,,,,,,,,,,,117731615,,,,,,,,,,-25.039499670836072,,,,0.0,,26.63429888084266,,,,
