ticker,fiscalDateEnding,totalRevenue,grossProfit,operatingIncome,researchAndDevelopment,operatingExpenses,netIncome,ebit,ebitda,depreciationAndAmortization,reportedEPS,estimatedEPS,surprise,surprisePercentage,totalAssets,totalLiabilities,cashAndCashEquivalentsAtCarryingValue,shortTermDebt,longTermDebt,totalShareholderEquity,retainedEarnings,commonStockSharesOutstanding,currentNetReceivables,inventory,currentAccountsPayable,operatingCashflow,capitalExpenditures,dividendPayout,proceedsFromRepurchaseOfEquity,cashflowNetIncome,revenueGrowthPct,netIncomeMarginPct,epsSurprisePct,freeCashFlow,debtToEquityRatio,totalDebt,cashRatio,rdIntensityPct,buybackRatio,marketCap,peRatio,psRatio
PSTG,2025-07-31,861002000,604336000,4871000,242026000,599465000,47118000,50571000,86498000,35927000,0.43,0.39,0.04,10.2564,4026537000,2707716000,887849000,92920000,,1318821000,-1335889000,337734000,530481000,46812000,112162000,212157000,62027000,,-42242000.0,47118000,10.59969042434985,5.472461155723216,10.25641025641025,274184000,2.0531338217999258,92920000.0,9.554982780886784,28.109806945860754,0.8965151322212318,25505485950.483856,541.3108780186734,29.623027531276183
PSTG,2025-04-30,778485000,536153000,-31171000,221740000,567324000,-13995000,2291000,36061000,33770000,0.29,0.25,0.04,16.0,3810365000,2566310000,739336000,141563000,,1244055000,-1383007000,326539000,411319000,37548000,83858000,283936000,72346000,,-119936000.0,-13995000,-11.51990925643468,-1.7977224994701244,15.999999999999993,356282000,2.0628589572004454,141563000.0,5.222664114210634,28.483528905502354,-8.569917827795642,17611634908.245964,-1258.4233589314729,22.622959862098774
PSTG,2025-01-31,879842000,594001000,42467000,215009000,551534000,42435000,56206000,85331000,29125000,0.12,0.11,0.01,9.0909,3963942000,2657467000,723583000,143876000,,1306475000,-1369012000,343109000,680862000,42810000,112385000,208508000,56086000,,-191978000.0,42435000,5.8683242847791695,4.823025043132744,9.090909090909086,264594000,2.034074130771733,143876000.0,5.0292126553421,24.4372285023902,4.524048544833274,17243562278.467712,406.35235721615913,19.598475951895583
PSTG,2024-10-31,831072000,582922000,59687000,200086000,523235000,63639000,78768000,106470000,27702000,0.5,0.42,0.08,19.0476,3854465000,2443879000,894569000,148632000,,1410586000,-1411447000,340564000,578224000,41571000,102021000,96993000,61788000,,-181999000.0,63639000,8.811672608674591,7.657459281506296,19.04761904761905,158781000,1.7325274743971655,148632000.0,6.018683728941277,24.0756516884217,2.859865805559484,17414453455.705605,273.64436046615447,20.95420547883409
PSTG,2024-07-31,763771000,540080000,24878000,195490000,515202000,35674000,46344000,82228000,35884000,0.44,0.37,0.07,18.9189,3781273000,2328112000,965028000,51610000,100000000.0,1453161000,-1475086000,343443000,416501000,43548000,68104000,226597000,60035000,,-74208000.0,35674000,10.136139666810395,4.670771736554543,18.91891891891892,286632000,1.6021019006152795,151610000.0,18.6984692888975,25.59536824519391,2.0801704322475754,16855771001.975784,472.49456192116907,22.069142454971168
PSTG,2024-04-30,693479000,495706000,-41774000,193820000,537480000,-35009000,-25671000,8272000,33943000,0.32,0.21,0.11,52.381,3623610000,2249637000,900615000,49203000,100000000.0,1373973000,-1510760000,322589000,423454000,40674000,55709000,221500000,48818000,,-12478000.0,-35009000,-12.196175005222809,-5.048314368567758,52.380952380952394,270318000,1.6373225674740333,149203000.0,18.304066825193587,27.948935728407058,-0.3564226341797823,19813500311.975784,-565.9544777621693,28.571161220420205
PSTG,2024-01-31,789805000,568504000,57382000,186841000,511122000,65438000,72840000,105696000,32856000,0.5,0.44,0.06,13.6364,3655760000,2385666000,702536000,48872000,100000000.0,1270094000,-1475751000,332014000,662179000,42663000,82757000,244425000,43570000,,-21460000.0,65438000,3.5350887082185256,8.285336253885452,13.636363636363635,287995000,1.878338138751935,148872000.0,14.375020461614012,23.656598780711693,0.32794400806870627,17085816865.705605,261.09931333026077,21.63295606599807
PSTG,2023-10-31,762838000,552747000,74211000,182100000,478536000,70389000,81489000,113136000,31647000,0.5,0.4,0.1,25.0,3355509000,2207054000,529191000,49877000,100000000.0,1148455000,-1541189000,330255000,636324000,46211000,101092000,158432000,45062000,26926000.0,-22460000.0,70389000,10.76958373446828,9.227254017235637,24.999999999999993,203494000,1.9217592330565847,149877000.0,10.609920404194318,23.87138553664081,0.3190839477759309,11111203559.213676,157.8542607397985,14.565613615490676
PSTG,2023-07-31,688671000,486593000,-6228000,182492000,492821000,-7115000,2420000,32643000,30223000,0.34,0.28,0.06,21.4286,3133922000,2147594000,408900000,48920000,100000000.0,986328000,-1611578000,309510000,525260000,47498000,98008000,101618000,55105000,25218000.0,-21970000.0,-7115000,16.86116065140919,-1.0331493557881775,21.428571428571423,156723000,2.177362905645992,148920000.0,8.358544562551105,26.499155620027558,-3.0878425860857344,12024812878.245964,-1690.0650566754694,17.46089624544371
PSTG,2023-04-30,589307000,413347000,-71814000,185331000,485161000,-67401000,-58680000,-28990000,29690000,0.08,0.04,0.04,100.0,2959253000,2053446000,378285000,43494000,100000000.0,905807000,-1604463000,305863000,391286000,51821000,71334000,173247000,51424000,25849000.0,-69911000.0,-67401000,-27.26463730873715,-11.437332324238469,100.0,224671000,2.266979610446817,143494000.0,8.697406538832942,31.44897311588018,-1.0372398035637453,9461447726.975784,-140.37547999251916,16.0552101484893
PSTG,2023-01-31,810207000,561317000,64584000,185557000,496733000,74471000,82438000,110602000,28164000,0.53,0.39,0.14,35.8974,3545403000,2604170000,580854000,613645000,,941233000,-1537062000,339699000,612491000,52095000,67121000,233026000,60229000,,-67504000.0,74471000,19.844242289771465,9.191601652417223,35.8974358974359,293255000,2.7667644462104497,613645000.0,0.9465635668831327,22.90241876458732,0.906446804796498,9379288579.475784,125.94551677130406,11.576410200696593
PSTG,2022-10-31,676050000,466335000,9133000,180008000,457202000,-787000,7436000,33155000,25719000,0.31,0.25,0.06,24.0,3252367000,2411859000,795931000,604969000,,840508000,-1611533000,300984000,435618000,61355000,102879000,154696000,39916000,,-24565000.0,-787000,4.526788420030559,-0.1164115080245544,24.0,194612000,2.8695253346785514,604969000.0,1.3156558435225607,26.6264329561423,-31.213468869123254,9592902237.610874,-12189.202334956639,14.189634254287219
PSTG,2022-07-31,646772000,443568000,14363000,165690000,429205000,10922000,15949000,39835000,23886000,0.32,0.22,0.1,45.4545,3049859000,2288501000,652567000,607077000,,761358000,-1610746000,312720000,402007000,52265000,57892000,159380000,25184000,,-60579000.0,10922000,4.2499657481806175,1.688694006543264,45.45454545454546,184564000,3.0058146102096517,607077000.0,1.0749328338909232,25.617992120871037,5.546511627906977,9316847451.86491,853.0349250929235,14.40514965376502
PSTG,2022-04-30,620405000,426426000,-4567000,161273000,430993000,-11535000,-9266000,13397000,22663000,0.25,0.05,0.2,400.0,2828352000,2101258000,455237000,609926000,572556000.0,727094000,-1621668000,295843000,345933000,41301000,58668000,220132000,32810000,,-66420000.0,-11535000,-12.442666215052856,-1.8592693482483218,400.0,252942000,2.889939952743387,1182482000.0,0.7463807084793893,25.99479372345484,-5.75812743823147,8449246428.024216,-732.4877700931266,13.618920589009141
PSTG,2022-01-31,708570000,475834000,29767000,162639000,446067000,14943000,29669000,53215000,23546000,0.36,0.26,0.1,38.4615,3135315000,2380979000,466199000,71231000,786779000.0,754336000,-1708271000,317268000,542144000,38942000,70704000,138241000,21070000,,-69562000.0,14943000,25.914276575327854,2.1088953808374615,38.46153846153845,159311000,3.156390520934968,858010000.0,6.544889163426037,22.95313095389305,4.655156260456401,8705583193.881054,582.586039876936,12.286130084368592
PSTG,2021-10-31,562740000,374792000,-18078000,147808000,392870000,-28731000,-16928000,4578000,21506000,0.22,0.12,0.1,83.3333,2855756000,2131332000,404692000,35061000,778366000.0,724424000,-1723214000,287462000,354179000,44036000,48708000,127046000,25718000,,-56215000.0,-28731000,13.265879142002014,-5.1055549632156945,83.33333333333334,152764000,2.942105728137113,813427000.0,11.54251162260061,26.26577104879696,-1.9565974035014444,10177874966.643162,-354.24715348032305,18.086283126564954
PSTG,2021-07-31,496831000,340027000,-33930000,140107000,373957000,-45265000,-32335000,-13062000,19273000,0.14,0.05,0.09,180.0,2783684000,2086240000,340252000,34482000,770662000.0,697444000,-1694483000,283931000,358460000,47169000,54686000,123392000,27670000,,-44373000.0,-45265000,20.383468174758356,-9.110743894805276,180.0,151062000,2.991265248536083,805144000.0,9.867525085551883,28.20013243940092,-0.9802938252512979,8268496554.254036,-182.66865247440708,16.64247310303511
PSTG,2021-04-30,412707000,281866000,-76157000,131381000,358023000,-84206000,-72225000,-53399000,18826000,-0.3004,-0.06,-0.2404,-400.6667,2697938000,1982465000,300808000,33886000,763064000.0,715473000,-1649218000,280331000,327507000,49287000,40563000,21448000,27829000,,-30020000.0,-84206000,-17.904869131401703,-20.40333699210336,-400.6666666666667,49277000,2.7708453009407763,796950000.0,8.877058372189104,31.83396453173801,-0.356506662233095,6418272828.356838,-76.22108672014866,15.551645182555271
PSTG,2021-01-31,502718000,340857000,-46819000,130388000,387676000,-52293000,-40416000,-20185000,20231000,0.13,0.09,0.04,44.4444,2819440000,2069434000,337147000,64462000,755814000.0,750006000,-1565012000,274421000,460879000,46733000,67530000,69033000,21332000,,-23621000.0,-52293000,22.429307947269848,-10.402054432107066,44.44444444444445,90365000,2.759223259547257,820276000.0,5.23016660978561,25.936608595673917,-0.4517048170883292,7601364050.897198,-145.3610244372516,15.120532885031365
PSTG,2020-10-31,410619000,276516000,-65214000,122981000,341730000,-74222000,-62112000,-43898000,18214000,0.01,-0.0022,0.0122,554.5455,2652995000,1917914000,263702000,61804000,748422000.0,735081000,-1512719000,269144000,378193000,43152000,89369000,32799000,24867000,,-21411000.0,-74222000,1.7081018421046146,-18.075637026050913,554.5454545454546,57666000,2.6091192671283845,810226000.0,4.266746488900395,29.95014843443679,-0.2884724205761095,6004190649.737892,-80.89502640373328,14.622291344866877
PSTG,2020-07-31,403723000,274726000,-64119000,114652000,338845000,-64967000,-55083000,-38619000,16464000,0.06,0.01,0.05,500.0,2321612000,1575506000,355601000,29517000,491132000.0,746106000,-1438497000,264799000,366698000,36363000,56366000,50706000,24994000,,-20024000.0,-64967000,9.970608985097474,-16.091973952437684,499.9999999999999,75700000,2.111638292682273,520649000.0,12.047328658061456,28.398679292485195,-0.30821801837856144,5057717232.928419,-77.85055848243599,12.527691592820867
PSTG,2020-04-30,367119000,256825000,-84881000,112446000,341706000,-90594000,-81146000,-66013000,15133000,-0.02,-0.16,0.14,87.5,2254861000,1498003000,347580000,29940000,483943000.0,756858000,-1373530000,262935000,349126000,39266000,64817000,35103000,23782000,,-70119000.0,-90594000,-25.382923716067353,-24.677012085999362,87.50000000000001,58885000,1.9792391703595655,513883000.0,11.609218436873748,30.629305484052853,-0.7739916550764951,5695272079.627018,-62.865886036901095,15.51342229529667
PSTG,2020-01-31,492004000,348210000,-694000,114904000,348904000,-4651000,5081000,28006000,22925000,0.23,0.22,0.01,4.5455,2364204000,1534086000,362635000,54528000,477007000.0,830118000,-1282936000,259218000,458643000,38518000,77651000,69858000,13641000,,-15017000.0,-4651000,14.844459383439656,-0.9453175177437582,4.545454545454549,83499000,1.8480336530469161,531535000.0,6.650436473004695,23.354281672506726,-3.228768006880241,5014994438.618946,-1078.2615434570944,10.19299525739414
PSTG,2019-10-31,428409000,300638000,-28260000,106663000,328898000,-29982000,-21639000,1555000,23194000,0.13,0.09,0.04,44.4444,2192779000,1414829000,304346000,53148000,470014000.0,777950000,-1278285000,255047000,362115000,39851000,59650000,64257000,20977000,,-1614000.0,-29982000,8.094830783671059,-6.998452413464704,44.44444444444445,85234000,1.8186631531589434,523162000.0,5.726386693760819,24.89746947426408,-0.053832299379627774,5622972255.483856,-187.54493547741498,13.12524306324997
PSTG,2019-07-31,396327000,268319000,-64905000,107020000,333224000,-66018000,-59035000,-36504000,22531000,0.01,-0.04,0.05,125.0,2115974000,1378435000,268938000,52010000,463118000.0,737539000,-1248303000,251298000,352617000,35820000,59615000,48817000,37933000,,-1501000.0,-66018000,21.312213039485762,-16.65745709981909,125.0,86750000,1.8689655733459518,515128000.0,5.170890213420496,27.002954630898223,-0.022736223454209458,5350203910.856838,-81.04159336630674,13.499468648002377
PSTG,2019-04-30,326700000,216387000,-97424000,105075000,313811000,-100336000,-93011000,-71951000,21060000,-0.11,-0.08,-0.03,-37.5,2069189000,1325213000,287192000,51522000,456318000.0,743976000,-1182285000,245334000,311843000,45936000,75481000,6642000,24296000,,32042000.0,-100336000,-22.62254391117343,-30.71196816651362,-37.5,30938000,1.781257728743938,507840000.0,5.574162493692015,32.162534435261705,0.3193469940998246,5212176204.571581,-51.94721938857021,15.954013482006676
PSTG,2019-01-31,422216000,280696000,-24960000,96630000,305656000,-25755000,-11361000,8136000,19497000,0.14,0.18,-0.04,-22.2222,1973025000,1235245000,447990000,136045000,449828000.0,737780000,-1081949000,239571000,378729000,44687000,103462000,80794000,29439000,,-632000.0,-25755000,13.261744894428062,-6.099958315175171,-22.222222222222214,110233000,1.6742728184553661,585873000.0,3.292954537101694,22.88638990469333,-0.02453892448068336,6730477212.762108,-261.32701272615446,15.940838842587935
PSTG,2018-10-31,372779000,249120000,-27217000,90783000,276337000,-28180000,-23841000,-6050000,17791000,0.13,0.09,0.04,44.4444,1811366000,1109038000,406641000,93121000,443212000.0,702328000,-1056194000,235205000,305649000,50737000,101979000,56549000,28074000,0.0,0.0,-28180000,20.685759055179286,-7.559438702287415,44.44444444444445,84623000,1.579088403139274,536333000.0,4.366802332449179,24.353034908082268,0.0,6214517866.754036,-220.52937781242144,16.67078313626582
PSTG,2018-07-31,308884000,206165000,-55206000,84031000,261371000,-60123000,-53057000,-35884000,17173000,0.01,-0.06,0.07,116.6667,1646229000,1001835000,370457000,436687000,436687000.0,644394000,-1028014000,229359000,242409000,41673000,68058000,8484000,20437000,0.0,0.0,-60123000,20.683740647404726,-19.464588648165655,116.66666666666666,28921000,1.5546932466782746,873374000.0,0.8483353065238947,27.20471115370171,0.0,8528119761.22982,-141.8445480303681,27.609457793960907
PSTG,2018-04-30,255945000,166315000,-61874000,78492000,228189000,-64304000,-61473000,-45056000,16417000,-0.07,-0.12,0.05,41.6667,1576059000,944439000,735140000,430253000,430253000.0,631620000,-967891000,223768000,195926000,38540000,63994000,18596000,22296000,0.0,-20000000.0,-64304000,-24.333265336892794,-25.12414776612163,41.66666666666666,40892000,1.4952645578037427,860506000.0,1.708622601120736,30.66752622633769,-0.31102264244837025,7052540920.524216,-109.67499565383515,27.554907970557018
PSTG,2018-01-31,338253000,220330000,-15790000,75480000,236120000,-11878000,-15790000,429000,16219000,0.13,0.07,0.06,85.7143,1079407000,581501000,244057000,86727000,0.0,497906000,-980082000,218009000,243001000,34497000,84420000,59000000,20709000,0.0,7971000.0,-11878000,21.85301396659114,-3.5115726985422153,85.7142857142857,79709000,1.1678931364554754,86727000.0,2.814083272798552,22.31465796312228,0.6710725711399226,6618740722.016144,-557.2268666455753,19.567426518068263
PSTG,2017-10-31,277591000,181815000,-29572000,68927000,211304000,-41649000,-29572000,-14047000,15525000,-0.01,-0.03,0.02,66.6667,962556000,503435000,182039000,75022000,0.0,459121000,-968204000,213274000,202006000,37208000,66664000,28248000,14251000,0.0,0.0,-41649000,23.554991765700795,-15.00372850704814,66.66666666666666,42499000,1.0965192182452992,75022000.0,2.426474900695796,24.83041597169937,0.0,5399499273.991928,-129.64295118710962,19.45127642463887
PSTG,2017-07-31,224670000,148010000,-60856000,69361000,209075000,-61701000,-60856000,-45681000,15175000,-0.11,-0.15,0.04,26.6667,890132000,444726000,171894000,60846000,0.0,445406000,-926555000,209193000,168404000,33660000,52092000,-191000,17331000,0.0,0.0,-61701000,23.009116044786325,-27.462945653625315,26.666666666666668,17140000,0.9984733030089401,60846000.0,2.8250665614830885,30.872390617349893,0.0,4893398937.928419,-79.3082598001397,21.780384287748337
PSTG,2017-04-30,182645000,119083000,-58190000,65428000,177287000,-62374000,-58190000,-43365000,14825000,-0.14,-0.22,0.08,36.3636,872875000,407567000,168757000,40695000,0.0,465308000,-864854000,205783000,132134000,39478000,51015000,-14301000,12769000,0.0,14166000.0,-62374000,-19.843324848591237,-34.15040105121958,36.36363636363636,-1532000,0.8759080007221024,40695000.0,4.1468730802309866,35.82249719401024,0.22711386154487448,4209834855.801401,-67.49342443648638,23.049275128261936
PSTG,2017-01-31,227860000,148730000,-42495000,72632000,191225000,-42915000,-42495000,-28270000,14225000,-0.02,-0.08,0.06,75.0,899745000,421315000,183675000,60949000,0.0,478430000,-802480000,201024000,168978000,23498000,52719000,37518000,12171000,0.0,10527000.0,-42915000,15.690814192002268,-18.83393311682612,75.0,49689000,0.8806199444014798,60949000.0,3.0135851285500994,31.87571315720179,0.24529884655714784,3736597990.690527,-87.06974229734422,16.398657029274673
PSTG,2016-10-31,196956000,127634000,-78180000,61612000,205814000,-78813000,-48180000,-34538000,13642000,-0.1,-0.15,0.05,33.3333,854136000,376371000,152461000,49682000,0.0,477765000,-759565000,195807000,163038000,20112000,43412000,-47323000,18484000,0.0,0.0,-78813000,20.67347163846238,-40.01553646499726,33.33333333333333,-28839000,0.7877743241970425,49682000.0,3.0687371683909666,31.282113771603807,0.0,4055375570.745964,-51.45566810990527,20.590261635827108
PSTG,2016-07-31,163214000,106367000,-59481000,58635000,165848000,-59550000,-59481000,-47577000,11904000,-0.16,-0.23,0.07,30.4348,862204000,348148000,205818000,53833000,0.0,514056000,-680752000,192730000,118532000,22630000,30526000,-11550000,22742000,0.0,0.0,-59550000,16.625579683737413,-36.48584067543226,30.434782608695656,11192000,0.6772569525499167,53833000.0,3.823268255530994,35.925227002585565,0.0,4140821159.36491,-69.53519998933518,25.37050228145202
PSTG,2016-04-30,139947000,93012000,-64650000,52500000,157617000,-63459000,-64650000,-54218000,10432000,-0.22,-0.23,0.01,4.3478,861475000,320058000,286096000,34530000,0.0,541417000,-618794000,189283000,97164000,21980000,42444000,6760000,24376000,0.0,15079000.0,-63459000,-6.845457994688175,-45.345023473171985,4.347826086956525,31136000,0.5911487818077379,34530000.0,8.285432956849117,37.51420180496902,0.23761798956806757,3871338942.444563,-61.00535688309874,27.662893398533466
PSTG,2016-01-31,150231000,98165000,-42933000,53710000,141098000,-44294000,-42933000,-33797000,9136000,-0.12,-0.16,0.04,25.0,870783000,307429000,604742000,47071000,0.0,563354000,-555335000,187365000,126324000,20649000,38187000,42010000,9861000,0.0,0.0,-44294000,14.362382387868822,-29.483928084083843,25.000000000000007,51871000,0.5457119324616493,47071000.0,12.847443224065772,35.751609188516355,0.0,4499034779.198599,-101.57210410436174,29.94744612762079
PSTG,2015-10-31,131364000,80311000,-55579000,43065000,135890000,-56501000,-55579000,-46729000,8850000,-0.18,-0.31,0.13,41.9355,818028000,234074000,573307000,44656000,0.0,583954000,-511041000,189980000,112126000,25549000,21684000,-5376000,7672000,0.0,0.0,-56501000,55.16471574869184,-43.01102280685728,41.935483870967744,2296000,0.400843217102717,44656000.0,12.838297205302759,32.78295423403672,0.0,5116871606.008072,-90.56249634534029,38.951855957553605
PSTG,2015-07-31,84661000,49523000,-63409000,38188000,112932000,-63837000,-63409000,-55620000,7789000,,,,,336563000,724591000,128282000,37050000,,-388028000,-454540000,185056764,80049000,23739000,13631000,-30373000,15081000,,,-63837000,14.287835630492584,-75.4030781587744,,-15292000,-1.8673678188171987,37050000.0,3.4624021592442644,45.106955977368564,,,,
PSTG,2015-04-30,74077000,44441000,-48260000,31682000,92701000,-49120000,-48260000,-41781000,6479000,,,,,345418000,683388000,173226000,22447000,,-337970000,-390703000,155435000,54962000,23075000,14229000,-14117000,6742000,,,-49120000,12.493545937737283,-66.30938077945922,,-7375000,-2.0220374589460604,22447000.0,7.71711141800686,42.76901062408035,,,,
PSTG,2015-01-31,65850000,36333000,-46031000,29311000,82364000,-47635000,-46031000,-40390000,5641000,,,,,361819000,661649000,192707000,25746000,,-299830000,-341583000,155435000,59032000,21605000,11007000,-34019000,11325000,,7665000.0,-47635000,,-72.33864844343204,,-22694000,-2.2067471567221424,25746000.0,7.484929697817137,44.511769172361426,0.1609110947832476,,,
