ticker,fiscalDateEnding,totalRevenue,grossProfit,operatingIncome,researchAndDevelopment,operatingExpenses,netIncome,ebit,ebitda,depreciationAndAmortization,reportedEPS,estimatedEPS,surprise,surprisePercentage,totalAssets,totalLiabilities,cashAndCashEquivalentsAtCarryingValue,shortTermDebt,longTermDebt,totalShareholderEquity,retainedEarnings,commonStockSharesOutstanding,currentNetReceivables,inventory,currentAccountsPayable,operatingCashflow,capitalExpenditures,dividendPayout,proceedsFromRepurchaseOfEquity,cashflowNetIncome,revenueGrowthPct,netIncomeMarginPct,epsSurprisePct,freeCashFlow,debtToEquityRatio,totalDebt,cashRatio,rdIntensityPct,buybackRatio,marketCap,peRatio,psRatio
ZBRA,2025-06-30,1293000000,616000000,183000000,144000000,433000000,112000000,163000000,206000000,43000000,3.61,3.33,0.28,8.4084,7938000000,4321000000,872000000,116000000,2128000000,3617000000,5108000000,51807000,684000000,686000000,569000000,147000000,17000000,,-125000000.0,112000000,-1.1467889908256867,8.662026295436968,8.408408408408402,164000000,1.1946364390378768,2244000000,7.517241379310345,11.1368909512761,1.1160714285714286,14733398846.668488,131.5482039881115,11.39474002062528
ZBRA,2025-03-31,1308000000,645000000,195000000,151000000,450000000,136000000,188000000,229000000,41000000,4.02,3.6174,0.4026,11.1295,7899000000,4273000000,879000000,105000000,2103000000,3626000000,4996000000,51807000,637000000,681000000,559000000,178000000,20000000,,-125000000.0,136000000,-1.9490254872563728,10.397553516819572,11.129540553989042,198000000,1.1784335355763926,2208000000,8.371428571428572,11.54434250764526,0.9191176470588235,16018764201.881653,117.78503089618863,12.246761622233679
ZBRA,2024-12-31,1334000000,648000000,225000000,138000000,423000000,163000000,267000000,309000000,42000000,4.0,3.9413,0.0587,1.4894,7968000000,4382000000,901000000,115000000,2092000000,3586000000,4860000000,51918000,712000000,693000000,633000000,306000000,18000000,,-31000000.0,163000000,6.294820717131477,12.21889055472264,1.489356303757643,324000000,1.2219743446737312,2207000000,7.834782608695652,10.344827586206897,0.1901840490797546,19637414281.286835,120.47493424102353,14.720700360784734
ZBRA,2024-09-30,1255000000,613000000,191000000,141000000,422000000,137000000,180000000,225000000,45000000,3.49,3.24,0.25,7.716,7690000000,4269000000,676000000,129000000,2080000000,3421000000,4697000000,51918000,709000000,639000000,533000000,294000000,17000000,,-16000000.0,137000000,3.5478547854785436,10.916334661354583,7.716049382716049,311000000,1.2478807366267173,2209000000,5.24031007751938,11.235059760956176,0.11678832116788321,17856308703.82367,130.33801973593918,14.228134425357506
ZBRA,2024-06-30,1212000000,559000000,167000000,146000000,393000000,113000000,171000000,213000000,42000000,3.18,2.81,0.37,13.1673,7490000000,4203000000,411000000,130000000,2080000000,3287000000,4560000000,51830245,742000000,678000000,551000000,288000000,10000000,,0.0,113000000,3.236797274275971,9.323432343234323,13.167259786476873,298000000,1.2786735625190142,2210000000,3.1615384615384614,12.046204620462046,-0.0,15880974277.139496,140.5395953729159,13.10311409004909
ZBRA,2024-03-31,1174000000,536000000,159000000,138000000,404000000,115000000,179000000,222000000,43000000,2.84,2.45,0.39,15.9184,7259000000,4090000000,127000000,313000000,1815000000,3169000000,4447000000,51790501,599000000,705000000,467000000,125000000,14000000,,0.0,115000000,16.468253968253975,9.795570698466781,15.91836734693876,139000000,1.2906279583464815,2128000000,0.4057507987220447,11.754684838160136,-0.0,14210203360.081512,123.56698573983924,12.104091448110317
ZBRA,2023-12-31,1008000000,421000000,74000000,116000000,330000000,17000000,41000000,85000000,44000000,1.71,1.66,0.05,3.012,7306000000,4270000000,137000000,215000000,2047000000,3036000000,4332000000,51687374,584000000,804000000,456000000,141000000,39000000,,52000000.0,17000000,5.439330543933063,1.6865079365079365,3.012048192771087,180000000,1.406455862977602,2262000000,0.6372093023255814,11.507936507936508,-3.0588235294117645,12049283666.746078,708.781392161534,11.953654431295712
ZBRA,2023-09-30,956000000,427000000,-12000000,127000000,439000000,-15000000,15000000,59000000,44000000,0.87,0.81,0.06,7.4074,7331000000,4318000000,61000000,190000000,2121000000,3013000000,4315000000,51336645,538000000,848000000,433000000,-35000000,14000000,,0.0,-15000000,-21.25205930807249,-1.5690376569037656,7.4074074074074,-21000000,1.4331231330899437,2311000000,0.32105263157894737,13.284518828451883,0.0,13982925473.044678,-932.1950315363118,14.626491080590666
ZBRA,2023-06-30,1214000000,581000000,194000000,130000000,371000000,144000000,205000000,249000000,44000000,3.29,3.28,0.01,0.3049,7456000000,4464000000,68000000,205000000,2042000000,2992000000,4330000000,51707460,683000000,864000000,562000000,-34000000,18000000,,-37000000.0,144000000,-13.59430604982207,11.86161449752883,0.3048780487804949,-16000000,1.4919786096256684,2247000000,0.33170731707317075,10.70840197693575,0.2569444444444444,14644928780.463163,101.70089430877196,12.063368023445769
ZBRA,2023-03-31,1405000000,667000000,225000000,146000000,432000000,150000000,215000000,259000000,44000000,3.94,3.92,0.02,0.5102,7474000000,4583000000,85000000,251000000,1880000000,2891000000,4186000000,51748069,758000000,835000000,602000000,-76000000,16000000,,-15000000.0,150000000,-6.520292747837653,10.676156583629894,0.5102040816326535,-60000000,1.5852646143203044,2131000000,0.3386454183266932,10.391459074733095,0.1,16076219470.778992,107.17479647185995,11.442149089522413
ZBRA,2022-12-31,1503000000,685000000,260000000,142000000,413000000,186000000,249000000,294000000,45000000,4.75,4.59,0.16,3.4858,7529000000,4796000000,105000000,251000000,1809000000,2733000000,4036000000,51942060,794000000,860000000,811000000,267000000,24000000,,-96000000.0,186000000,9.071117561683595,12.375249500998004,3.4858387799564303,291000000,1.7548481522136845,2060000000,0.41832669322709165,9.44777112441783,0.5161290322580645,13742427350.213163,73.88401801189873,9.143331570334773
ZBRA,2022-09-30,1378000000,628000000,202000000,143000000,426000000,170000000,243000000,298000000,55000000,4.12,4.54,-0.42,-9.2511,7448000000,4791000000,81000000,179000000,2017000000,2657000000,3850000000,52157852,815000000,814000000,835000000,67000000,20000000,,-50000000.0,170000000,-6.130790190735691,12.336719883889694,-9.251101321585901,87000000,1.8031614602935642,2196000000,0.45251396648044695,10.377358490566039,0.29411764705882354,15336932092.442017,90.2172476026001,11.129849123687965
ZBRA,2022-06-30,1468000000,674000000,-145000000,148000000,819000000,-98000000,-156000000,-105000000,51000000,4.61,4.21,0.4,9.5012,7385000000,4872000000,98000000,183000000,2017000000,2513000000,3680000000,52138470,945000000,632000000,827000000,100000000,17000000,,-300000000.0,-98000000,2.5139664804469275,-6.67574931880109,9.501187648456066,117000000,1.9387186629526463,2200000000,0.5355191256830601,10.08174386920981,-3.061224489795918,17195321740.82367,-175.46246674309867,11.713434428353999
ZBRA,2022-03-31,1432000000,637000000,212000000,137000000,425000000,205000000,280000000,332000000,52000000,4.01,3.87,0.14,3.6176,6129000000,3223000000,141000000,216000000,913000000,2906000000,3778000000,53446740,822000000,469000000,691000000,54000000,14000000,,-305000000.0,205000000,-2.385821404226307,14.315642458100559,3.617571059431516,68000000,1.109084652443221,1129000000,0.6527777777777778,9.567039106145252,1.4878048780487805,21034639589.368347,102.60799799691877,14.688994126653874
ZBRA,2021-12-31,1467000000,669000000,223000000,145000000,457000000,191000000,221000000,272000000,51000000,4.54,4.4,0.14,3.1818,6215000000,3231000000,332000000,102000000,922000000,2984000000,3573000000,53877621,760000000,491000000,700000000,233000000,21000000,,-32000000.0,191000000,2.1587743732590425,13.01976823449216,3.1818181818181746,254000000,1.082774798927614,1024000000,3.2549019607843137,9.884117246080436,0.16753926701570682,29936609495.384033,156.73617536850278,20.40668677258625
ZBRA,2021-09-30,1436000000,646000000,237000000,141000000,403000000,199000000,243000000,291000000,48000000,4.55,4.06,0.49,12.069,5865000000,3049000000,307000000,51000000,940000000,2816000000,3382000000,53866559,685000000,438000000,609000000,297000000,13000000,,0.0,199000000,4.284676833696444,13.857938718662952,12.068965517241386,310000000,1.0827414772727273,991000000,6.019607843137255,9.818941504178273,-0.0,28090928031.410645,141.16044236889772,19.56192759847538
ZBRA,2021-06-30,1377000000,658000000,247000000,141000000,407000000,219000000,251000000,295000000,44000000,4.57,4.1,0.47,11.4634,5593000000,3004000000,318000000,47000000,944000000,2589000000,3183000000,53908295,621000000,485000000,597000000,315000000,15000000,,-25000000.0,219000000,2.2271714922049046,15.904139433551197,11.463414634146359,330000000,1.1602935496330629,991000000,6.76595744680851,10.239651416122005,0.1141552511415525,25272581683.881653,115.39991636475641,18.353363604852326
ZBRA,2021-03-31,1347000000,655000000,272000000,140000000,382000000,228000000,273000000,317000000,44000000,4.79,4.34,0.45,10.3687,5411000000,3000000000,177000000,134000000,956000000,2411000000,2964000000,53964330,528000000,528000000,573000000,224000000,10000000,,0.0,228000000,2.9816513761467878,16.926503340757236,10.368663594470052,234000000,1.244296972210701,1090000000,1.3208955223880596,10.393466963622867,-0.0,24669049989.77899,108.19758767446926,18.314068292337783
ZBRA,2020-12-31,1308000000,618000000,231000000,137000000,381000000,199000000,223000000,266000000,43000000,4.46,3.8,0.66,17.3684,5375000000,3231000000,168000000,394000000,881000000,2144000000,2736000000,53783654,524000000,511000000,601000000,431000000,18000000,,399800000.0,199000000,15.547703180212014,15.214067278287462,17.368421052631582,449000000,1.5069962686567164,1275000000,0.4263959390862944,10.474006116207951,-2.0090452261306533,19240822724.15518,96.68755137766424,14.710109116326592
ZBRA,2020-09-30,1132000000,493000000,150000000,113000000,323000000,116000000,144000000,179000000,35000000,3.27,2.81,0.46,16.3701,5245000000,3314000000,39000000,481000000,1086000000,1931000000,2537000000,53716306,594000000,484000000,546000000,176000000,16000000,,-200000000.0,116000000,18.410041841004187,10.247349823321555,16.370106761565832,192000000,1.7162092180217503,1567000000,0.08108108108108109,9.982332155477032,1.7241379310344827,14274776143.25,123.05841502801724,12.61022627495583
ZBRA,2020-06-30,956000000,419000000,119000000,98000000,297000000,100000000,110000000,144000000,34000000,2.41,2.28,0.13,5.7018,4607000000,2804000000,63000000,233000000,986000000,1803000000,2421000000,53675730,458000000,513000000,503000000,247000000,20000000,,0.0,100000000,-9.125475285171103,10.460251046025103,5.701754385964927,267000000,1.555185801442041,1219000000,0.2703862660944206,10.251046025104603,-0.0,13013816243.282911,130.13816243282912,13.612778497157857
ZBRA,2020-03-31,1052000000,473000000,151000000,105000000,317000000,89000000,156000000,190000000,34000000,2.67,2.64,0.03,1.1364,4540000000,2813000000,24000000,230000000,1167000000,1727000000,2321000000,54318044,536000000,443000000,447000000,108000000,13000000,,-200000000.0,89000000,-11.74496644295302,8.460076045627376,1.136363636363629,121000000,1.6288361320208453,1397000000,0.10434782608695652,9.980988593155894,2.247191011235955,10726801568.536837,120.52586032063861,10.196579437772659
ZBRA,2019-12-31,1192000000,544000000,188000000,118000000,346000000,169000000,191000000,227000000,36000000,3.56,3.65,-0.09,-2.4658,4711000000,2872000000,30000000,226000000,1080000000,1839000000,2232000000,54541638,645000000,474000000,552000000,265000000,17000000,76000000.0,-27000000.0,169000000,5.486725663716818,14.177852348993289,-2.4657534246575303,282000000,1.5617183251767264,1306000000,0.13274336283185842,9.899328859060402,0.15976331360946747,12759082316.07367,75.49752849747733,10.703928117511468
ZBRA,2019-09-30,1130000000,535000000,185000000,110000000,338000000,136000000,183000000,227000000,44000000,3.43,3.28,0.15,4.5732,4708000000,3014000000,33000000,205000000,1314000000,1694000000,2063000000,54637823,664000000,468000000,502000000,225000000,14000000,,-20000000.0,136000000,3.008204193254338,12.035398230088495,4.573170731707328,239000000,1.7792207792207793,1519000000,0.16097560975609757,9.734513274336283,0.14705882352941177,10492913563.60266,77.15377620296073,9.285764215577574
ZBRA,2019-06-30,1097000000,520000000,160000000,108000000,355000000,124000000,147000000,195000000,48000000,3.02,2.89,0.13,4.4983,4701000000,3142000000,27000000,156000000,1561000000,1559000000,1927000000,54648699,634000000,484000000,472000000,153000000,15000000,,-3000000.0,124000000,2.908067542213888,11.30355515041021,4.498269896193768,168000000,2.015394483643361,1717000000,0.17307692307692307,9.845031905195988,0.024193548387096774,10651550962.290756,85.89960453460287,9.709709172553104
ZBRA,2019-03-31,1066000000,501000000,159000000,111000000,337000000,115000000,163000000,210000000,47000000,2.92,2.88,0.04,1.3889,4576000000,3109000000,61000000,131000000,1605000000,1467000000,1803000000,54245283,509000000,510000000,457000000,42000000,15000000,,,115000000,-6.244503078276164,10.787992495309568,1.3888888888888902,57000000,2.1192910702113155,1736000000,0.46564885496183206,10.412757973733584,,10194960947.709244,88.65183432790647,9.563753234248821
ZBRA,2018-12-31,1137000000,539000000,179000000,121000000,358000000,115000000,199000000,225000000,26000000,3.1,2.94,0.16,5.4422,4339000000,3004000000,44000000,157000000,1434000000,1335000000,1688000000,54502370,544000000,520000000,552000000,325000000,16000000,,2000000.0,115000000,4.120879120879128,10.11433597185576,5.442176870748304,341000000,2.250187265917603,1591000000,0.2802547770700637,10.642040457343887,-0.017391304347826087,8455548766.467087,73.52651101275728,7.436718352213797
ZBRA,2018-09-30,1092000000,505000000,162000000,113000000,333000000,127000000,167000000,212000000,45000000,2.88,2.6,0.28,10.7692,4400000000,3187000000,45000000,71000000,1829000000,1213000000,1573000000,54424880,612000000,493000000,498000000,194000000,15000000,0.0,2000000.0,127000000,7.905138339920947,11.63003663003663,10.769230769230761,209000000,2.6273701566364385,1900000000,0.6338028169014085,10.347985347985347,-0.015748031496062992,8732146512.040756,68.75705914992722,7.996471164872488
ZBRA,2018-06-30,1012000000,472000000,125000000,109000000,346000000,70000000,128000000,171000000,43000000,2.48,2.23,0.25,11.2108,4275000000,3202000000,46000000,85000000,1914000000,1073000000,1446000000,54255707,546000000,465000000,442000000,150000000,15000000,0.0,-4000000.0,70000000,3.5823950870010224,6.91699604743083,11.210762331838566,165000000,2.9841565703634667,1999000000,0.5411764705882353,10.770750988142293,0.05714285714285714,7283567880.75,104.050969725,7.1972014631917
ZBRA,2018-03-31,977000000,465000000,144000000,101000000,315000000,109000000,144000000,187000000,43000000,2.56,2.05,0.51,24.878,4249000000,3268000000,64000000,43000000,2090000000,981000000,1376000000,53985755,502000000,448000000,411000000,116000000,18000000,0.0,3000000.0,109000000,-4.775828460038989,11.156601842374616,24.87804878048782,134000000,3.3312945973496433,2133000000,1.4883720930232558,10.337768679631525,-0.027522935779816515,7023749128.106583,64.43806539547323,7.189098391101927
ZBRA,2017-12-31,1026000000,469000000,133000000,98000000,330000000,4000000,150000000,183000000,33000000,2.33,2.12,0.21,9.9057,4275000000,3441000000,62000000,10000000,2176000000,834000000,1248000000,53851248,519000000,458000000,383000000,268000000,14000000,0.0,3000000.0,4000000,9.732620320855624,0.3898635477582846,9.905660377358489,282000000,4.125899280575539,2186000000,6.2,9.551656920077972,-0.75,5609237042.803291,1402.3092607008227,5.4670926343112
ZBRA,2017-09-30,935000000,429000000,91000000,96000000,329000000,-12000000,89000000,157000000,68000000,1.87,1.73,0.14,8.0925,4526000000,3712000000,88000000,34000000,2451000000,814000000,1244000000,52220868,656000000,492000000,426000000,7000000,14000000,0.0,2000000.0,-12000000,4.352678571428581,-1.2834224598930482,8.092485549132956,21000000,4.560196560196561,2485000000,2.588235294117647,10.267379679144385,0.16666666666666666,5241626430.389496,-436.802202532458,5.606017572609087
ZBRA,2017-06-30,896000000,411000000,58000000,99000000,333000000,17000000,77000000,149000000,72000000,1.51,1.48,0.03,2.027,4445000000,3633000000,95000000,19000000,2418000000,812000000,1256000000,53128657,592000000,414000000,436000000,86000000,9000000,0.0,-3000000.0,17000000,3.5838150289017268,1.8973214285714284,2.027027027027029,95000000,4.474137931034483,2437000000,5.0,11.049107142857142,0.17647058823529413,5110954407.836205,300.64437693154144,5.7041901873171925
ZBRA,2017-03-31,865000000,401000000,40000000,96000000,330000000,8000000,71000000,140000000,69000000,1.37,1.3,0.07,5.3846,4531000000,3736000000,180000000,15000000,2573000000,795000000,1239000000,52946883,578000000,376000000,365000000,117000000,13000000,0.0,-2000000.0,8000000,-8.174097664543522,0.9248554913294799,5.3846153846153895,130000000,4.69937106918239,2588000000,12.0,11.098265895953757,0.25,4612163600.659874,576.5204500824842,5.331981041225288
ZBRA,2016-12-31,942000000,432000000,71000000,92000000,332000000,17000000,87000000,138000000,51000000,1.93,1.73,0.2,11.5607,4632000000,3840000000,156000000,22000000,2648000000,792000000,1240000000,52573283,657000000,345000000,413000000,127000000,28000000,0.0,-2000000.0,17000000,4.2035398230088505,1.8046709129511678,11.560693641618494,155000000,4.848484848484849,2670000000,7.090909090909091,9.766454352441615,0.11764705882352941,4019309341.717087,236.42996127747568,4.266782740676313
ZBRA,2016-09-30,904000000,414000000,-24000000,96000000,341000000,-83000000,-30000000,50000000,80000000,1.43,1.41,0.02,1.4184,4698000000,3950000000,163000000,332000000,2788000000,748000000,1223000000,51690204,599000000,345000000,360000000,123000000,14000000,0.0,3000000.0,-76000000,2.8441410693970326,-9.18141592920354,1.4184397163120581,137000000,5.280748663101604,3120000000,0.49096385542168675,10.619469026548673,0.03614457831325301,3539330992.143418,-42.64254207401708,3.915189150601126
ZBRA,2016-06-30,879000000,406000000,22000000,95000000,345000000,-49000000,16000000,93000000,77000000,1.34,1.05,0.29,27.619,4791000000,3960000000,141000000,293000000,2873000000,831000000,1320000000,51533236,631000000,362000000,347000000,27000000,16000000,0.0,-6000000.0,-49000000,3.7780401416765086,-5.5745164960182025,27.61904761904762,43000000,4.765342960288809,3166000000,0.4812286689419795,10.80773606370876,-0.12244897959183673,2700386000.643418,-55.109918380477914,3.072111491061909
ZBRA,2016-03-31,847000000,390000000,43000000,93000000,347000000,-29000000,11000000,88000000,77000000,1.01,1.22,-0.21,-17.2131,4921000000,4042000000,194000000,326000000,2937000000,879000000,1369000000,51299632,606000000,386000000,316000000,95000000,19000000,0.0,3000000.0,-29000000,-11.098609170802975,-3.4238488783943333,-17.213114754098356,114000000,4.598407281001138,3263000000,0.5950920245398773,10.979929161747345,0.10344827586206896,3141213366.7131653,-108.31770230045397,3.708634435316606
ZBRA,2015-12-31,952741000,427777000,22311000,98267000,351900000,-6828000,21231000,100692000,79461000,1.51,1.47,0.04,2.7211,5024470000,4111601000,192394000,24000,3012000000,912869000,1397974000,51207000,675000000,393848000,289000000,-13282000,26883000,0.0,2643000.0,-6828000,3.9800365175007846,-0.7166690632606343,2.721088435374152,13601000,4.50404274874051,3012024000,8016.416666666667,10.314135740983122,0.38708260105448156,3909992189.4835434,-572.6409182020421,4.10394030432567
ZBRA,2015-09-30,916273000,414056000,25021000,100340000,346291000,-28950000,20447000,99000000,78553000,1.39,1.23,0.16,13.0081,5178990000,4264962000,258022000,9928000,3043225000,914028000,1404802000,51152000,636537000,408158000,314279000,96349000,38080000,0.0,2900000.0,-28950000,2.978171985245681,-3.1595386964365426,13.008130081300806,134429000,4.666117449356038,3053153000,25.98932312651088,10.950884725403892,0.1001727115716753,4214045975.229622,-145.56290069877795,4.599116175233387
ZBRA,2015-06-30,889774000,392878000,-13803000,99087000,357566000,-76258000,-3162000,79000000,82162000,1.05,1.18,-0.13,-11.0169,5259580000,4307990000,204918000,18139000,3040361000,951590000,1433752000,50917000,723433000,404472000,281771000,-16084000,23769000,0.0,-13000000.0,-76259000,-0.3817802378905166,-8.570490933652815,-11.016949152542365,7685000,4.527149297491567,3058500000,11.2970946579194,11.136198630213965,-0.17047391749062393,5574662324.606583,-73.1026557817748,6.265256486036435
ZBRA,2015-03-31,893184000,409522000,19774000,96417000,352248000,-25297000,-59929000,19774000,79703000,1.39,1.12,0.27,24.1071,5454630000,4428632000,329534000,21831000,3144177000,1025998000,1510010000,50667000,698293000,405469000,284730000,35596000,25522000,0.0,8000000.0,-25296000,,-2.8322271782745774,24.107142857142836,61118000,4.316413872151798,3166008000,15.094773487242911,10.794752257093723,0.3162430327706843,4612672160.786835,-182.34067916301674,5.1643022723054095
